100,'Saturday',650,,10201,30,,,0,55,,10202,30,,,0,15,,10203,30,,,0,15,,10204,30,,,0,15,,10205,30,,,0,55,,10206,30,,,0,17,,10207,30,,,0,15,,10208,30,,,0,15,,10209,30,,,0,55,,10210,30,,,0,16,,10211,30,,,0,16,,10212,30,,,0,15,,10213,30,,,0,55,,10190,30,,,0,15,,10177,30,,,0,15,,10184,30,,,0,15,,10167,30,,,0,55,,10191,30,,,0,15,,10175,30,,,0,13,,10214,30,,,0,14,,10178,30,,,0,54,,10174,30,,,0,14,,10168,30,,,0,14,,10192,30,,,0,14,,10199,30,,,0,54,,10179,30,,,0,14,,10215,30,,,0,14,,10173,30,,,0,14,,10169,30,,,0,14,,10165,30,,,0,54,,10166,30,,,0,14,,10180,30,,,0,14,,10197,30,,,0,14,,10216,30,,,0,54,,10193,30,,,0,14,,10187,30,,,0,14,,10189,30,,,0,14,,10181,30,,,0,54,,10164,30,,,0,14,,10170,30,,,0,14,,10217,30,,,0,15,,10194,30,,,0,13,,10186,30,,,0,55,,10176,30,,,0,14,,10182,30,,,0,15,,10185,30,,,0,13,,10171,30,,,0,53,,10195,30,,,0,12,,10200,30,,,0,15,,10188,30,,,0,15,,10183,30,,,0,55,,10198,30,,,0,15,,10172,30,,,0,15,,10196,30,,,0,15,,10154,30,,,0,70,,10158,30,,,0,30,,10161,30,,,0,70,,10155,30,,,0,30,,10159,30,,,0,70,,10162,30,,,0,30,,10156,30,,,0,70,,10160,30,,,0,29,,10163,30,,,0,68,,10157,30,,,0,26,,10218,30,,,0
100,'Sunday',650,,10263,30,,,0,55,,10264,30,,,0,15,,10265,30,,,0,15,,10266,30,,,0,15,,10267,30,,,0,55,,10268,30,,,0,17,,10269,30,,,0,15,,10270,30,,,0,15,,10271,30,,,0,55,,10272,30,,,0,16,,10273,30,,,0,16,,10274,30,,,0,15,,10275,30,,,0,55,,10252,30,,,0,15,,10239,30,,,0,15,,10246,30,,,0,15,,10229,30,,,0,55,,10253,30,,,0,15,,10237,30,,,0,13,,10276,30,,,0,14,,10240,30,,,0,54,,10236,30,,,0,14,,10230,30,,,0,14,,10254,30,,,0,14,,10261,30,,,0,54,,10241,30,,,0,14,,10277,30,,,0,14,,10235,30,,,0,14,,10231,30,,,0,14,,10227,30,,,0,54,,10228,30,,,0,14,,10242,30,,,0,14,,10259,30,,,0,14,,10278,30,,,0,54,,10255,30,,,0,14,,10249,30,,,0,14,,10251,30,,,0,14,,10243,30,,,0,54,,10226,30,,,0,14,,10232,30,,,0,14,,10279,30,,,0,15,,10256,30,,,0,13,,10248,30,,,0,55,,10238,30,,,0,14,,10244,30,,,0,15,,10247,30,,,0,13,,10233,30,,,0,53,,10257,30,,,0,12,,10262,30,,,0,15,,10250,30,,,0,15,,10245,30,,,0,55,,10260,30,,,0,15,,10234,30,,,0,18,,10258,30,,,0,18,,10219,30,,,0,70,,10222,30,,,0,30,,10224,30,,,0,70,,10220,30,,,0,30,,10223,30,,,0,70,,10225,30,,,0,30,,10221,30,,,0
100,'Weekday',505,,10280,30,,,0,15,,10281,30,,,0,12,,10282,30,,,0,12,,10283,30,,,0,14,,10284,30,,,0,52,,10285,30,,,0,12,,10286,30,,,0,12,,10287,30,,,0,12,,10288,30,,,0,13,,10289,30,,,0,52,,10290,30,,,0,12,,10291,30,,,0,12,,10292,30,,,0,12,,10293,30,,,0,54,,10294,30,,,0,12,,10295,30,,,0,12,,10296,30,,,0,12,,10297,30,,,0,12,,10298,30,,,0,52,,10299,30,,,0,12,,10300,30,,,0,12,,10301,30,,,0,12,,10302,30,,,0,12,,10303,30,,,0,52,,10304,30,,,0,12,,10305,30,,,0,12,,10306,30,,,0,12,,10307,30,,,0,12,,10308,30,,,0,52,,10309,30,,,0,12,,10310,30,,,0,12,,10311,30,,,0,13,,10312,30,,,0,12,,10313,30,,,0,52,,10314,30,,,0,12,,10315,30,,,0,13,,10316,30,,,0,13,,10317,30,,,0,12,,10318,30,,,0,52,,10319,30,,,0,12,,10320,30,,,0,11,,10321,30,,,0,12,,10322,30,,,0,13,,10323,30,,,0,51,,10324,30,,,0,12,,10325,30,,,0,12,,10326,30,,,0,10,,10327,30,,,0,11,,10328,30,,,0,11,,10329,30,,,0,51,,10330,30,,,0,10,,10331,30,,,0,10,,10332,30,,,0,11,,10333,30,,,0,11,,10334,30,,,0,50,,10335,30,,,0,10,,10336,30,,,0,11,,10337,30,,,0,10,,10338,30,,,0,11,,10339,30,,,0,11,,10340,30,,,0,51,,10341,30,,,0,10,,10342,30,,,0,10,,10343,30,,,0,12,,10344,30,,,0,12,,10345,30,,,0,8,,10346,30,,,0,51,,10347,30,,,0,11,,10348,30,,,0,11,,10349,30,,,0,11,,10350,30,,,0,12,,10351,30,,,0,52,,10352,30,,,0,12,,10353,30,,,0,8,,10354,30,,,0,12,,10355,30,,,0,12,,10356,30,,,0,52,,10357,30,,,0,12,,10358,30,,,0,12,,10359,30,,,0,12,,10360,30,,,0,12,,10361,30,,,0,55,,10362,30,,,0,13,,10363,30,,,0,15,,10364,30,,,0,15,,10365,30,,,0,55,,10366,30,,,0,15,,10367,30,,,0,15,,10368,30,,,0,15,,10369,30,,,0,55,,10370,30,,,0,15,,10371,30,,,0,20,,10372,30,,,0,15,,10373,30,,,0,55,,10374,30,,,0,15,,10375,30,,,0,15,,10376,30,,,0,15,,10377,30,,,0,55,,10378,30,,,0
200,'Saturday',622,,10605,10,,,0,100,,10606,10,,,0,100,,10607,10,,,0,100,,10608,10,,,0,30,,10621,10,,,0,60,,10609,10,,,0,20,,10635,10,,,0,20,,10622,10,,,0,60,,10610,10,,,0,20,,10636,10,,,0,20,,10623,10,,,0,60,,10611,10,,,0,20,,10637,10,,,0,25,,10624,10,,,0,60,,10612,10,,,0,20,,10638,10,,,0,20,,10625,10,,,0,60,,10613,10,,,0,20,,10639,10,,,0,20,,10626,10,,,0,65,,10614,10,,,0,20,,10640,10,,,0,60,,10627,10,,,0,20,,10615,10,,,0,20,,10641,10,,,0,60,,10628,10,,,0,20,,10616,10,,,0,30,,10629,10,,,0,70,,10617,10,,,0,30,,10630,10,,,0,70,,10618,10,,,0,30,,10631,10,,,0,70,,10619,10,,,0,30,,10632,10,,,0,70,,10620,10,,,0,30,,10633,10,,,0,100,,10634,10,,,0
200,'Sunday',752,,10642,10,,,0,100,,10643,10,,,0,100,,10644,10,,,0,60,,10655,10,,,0,20,,10668,10,,,0,20,,10645,10,,,0,60,,10656,10,,,0,20,,10669,10,,,0,20,,10646,10,,,0,60,,10657,10,,,0,20,,10670,10,,,0,25,,10647,10,,,0,60,,10658,10,,,0,20,,10671,10,,,0,20,,10648,10,,,0,60,,10659,10,,,0,20,,10672,10,,,0,20,,10649,10,,,0,65,,10660,10,,,0,20,,10673,10,,,0,60,,10650,10,,,0,20,,10661,10,,,0,20,,10674,10,,,0,60,,10651,10,,,0,20,,10662,10,,,0,30,,10652,10,,,0,70,,10663,10,,,0,30,,10653,10,,,0,70,,10664,10,,,0,30,,10654,10,,,0,70,,10665,10,,,0,30,,10666,10,,,0,70,,10667,10,,,0
200,'Weekday',449,,10675,10,,,0,65,,10677,10,,,0,30,,10679,10,,,0,71,,10708,10,,,0,15,,10681,10,,,0,15,,10682,10,,,0,55,,10709,10,,,0,15,,10683,10,,,0,15,,10684,10,,,0,15,,10685,10,,,0,55,,10686,10,,,0,15,,10687,10,,,0,15,,10710,10,,,0,14,,10688,10,,,0,15,,10711,10,,,0,55,,10689,10,,,0,15,,10690,10,,,0,15,,10712,10,,,0,15,,10713,10,,,0,55,,10714,10,,,0,15,,10691,10,,,0,15,,10715,10,,,0,15,,10716,10,,,0,55,,10692,10,,,0,15,,10717,10,,,0,15,,10693,10,,,0,15,,10694,10,,,0,55,,10718,10,,,0,15,,10719,10,,,0,15,,10695,10,,,0,15,,10696,10,,,0,55,,10720,10,,,0,16,,10721,10,,,0,18,,10697,10,,,0,55,,10722,10,,,0,15,,10723,10,,,0,15,,10698,10,,,0,15,,10724,10,,,0,55,,10725,10,,,0,15,,10726,10,,,0,15,,10699,10,,,0,15,,10700,10,,,0,55,,10701,10,,,0,15,,10727,10,,,0,15,,10728,10,,,0,15,,10729,10,,,0,55,,10730,10,,,0,15,,10702,10,,,0,15,,10731,10,,,0,15,,10703,10,,,0,55,,10732,10,,,0,15,,10704,10,,,0,15,,10733,10,,,0,22,,10734,10,,,0,70,,10735,10,,,0,30,,10707,10,,,0,71,,10705,10,,,0,30,,10676,10,,,0,70,,10706,10,,,0,30,,10678,10,,,0,70,,10680,10,,,0,30,,10736,10,,,0
201,'Saturday',649,,10737,25,,,0,100,,10738,25,,,0,100,,10739,25,,,0,70,,10767,25,,,0,30,,10740,25,,,0,71,,10754,25,,,0,20,,10741,25,,,0,60,,10768,25,,,0,20,,10755,25,,,0,20,,10742,25,,,0,60,,10769,25,,,0,25,,10756,25,,,0,20,,10743,25,,,0,60,,10770,25,,,0,20,,10757,25,,,0,20,,10744,25,,,0,60,,10771,25,,,0,20,,10758,25,,,0,20,,10745,25,,,0,65,,10772,25,,,0,20,,10759,25,,,0,20,,10746,25,,,0,60,,10773,25,,,0,20,,10760,25,,,0,20,,10747,25,,,0,60,,10774,25,,,0,20,,10761,25,,,0,20,,10748,25,,,0,69,,10762,25,,,0,30,,10749,25,,,0,70,,10763,25,,,0,30,,10750,25,,,0,70,,10764,25,,,0,30,,10751,25,,,0,70,,10765,25,,,0,30,,10752,25,,,0,70,,10766,25,,,0,30,,10753,25,,,0
201,'Sunday',749,,10775,25,,,0,100,,10776,25,,,0,70,,10799,25,,,0,30,,10777,25,,,0,71,,10788,25,,,0,20,,10778,25,,,0,60,,10808,25,,,0,20,,10789,25,,,0,20,,10779,25,,,0,60,,10809,25,,,0,25,,10790,25,,,0,20,,10780,25,,,0,60,,10807,25,,,0,20,,10791,25,,,0,20,,10781,25,,,0,60,,10805,25,,,0,20,,10792,25,,,0,20,,10782,25,,,0,65,,10803,25,,,0,20,,10793,25,,,0,20,,10783,25,,,0,60,,10804,25,,,0,20,,10794,25,,,0,20,,10784,25,,,0,60,,10806,25,,,0,20,,10795,25,,,0,20,,10785,25,,,0,69,,10796,25,,,0,30,,10786,25,,,0,70,,10797,25,,,0,30,,10787,25,,,0,70,,10798,25,,,0,30,,10800,25,,,0,70,,10801,25,,,0,30,,10802,25,,,0
201,'Weekday',518,,10834,25,,,0,27,,10835,25,,,0,70,,10836,25,,,0,15,,10837,25,,,0,15,,10811,25,,,0,55,,10838,25,,,0,15,,10839,25,,,0,17,,10812,25,,,0,14,,10840,25,,,0,58,,10813,25,,,0,14,,10814,25,,,0,15,,10841,25,,,0,15,,10842,25,,,0,55,,10843,25,,,0,15,,10815,25,,,0,14,,10844,25,,,0,16,,10816,25,,,0,55,,10845,25,,,0,15,,10846,25,,,0,15,,10847,25,,,0,15,,10848,25,,,0,55,,10817,25,,,0,15,,10849,25,,,0,15,,10850,25,,,0,15,,10818,25,,,0,55,,10851,25,,,0,15,,10852,25,,,0,15,,10819,25,,,0,15,,10853,25,,,0,55,,10820,25,,,0,15,,10854,25,,,0,15,,10821,25,,,0,15,,10822,25,,,0,60,,10855,25,,,0,15,,10856,25,,,0,15,,10823,25,,,0,18,,10857,25,,,0,55,,10858,25,,,0,15,,10859,25,,,0,15,,10860,25,,,0,15,,10824,25,,,0,55,,10861,25,,,0,15,,10825,25,,,0,15,,10862,25,,,0,14,,10826,25,,,0,55,,10863,25,,,0,15,,10864,25,,,0,15,,10865,25,,,0,12,,10866,25,,,0,55,,10867,25,,,0,15,,10827,25,,,0,17,,10868,25,,,0,13,,10828,25,,,0,70,,10830,25,,,0,32,,10832,25,,,0,70,,10869,25,,,0,30,,10831,25,,,0,70,,10829,25,,,0,30,,10833,25,,,0,70,,10870,25,,,0,30,,10810,25,,,0
1001,'Saturday',750,,11539,61,,,0,70,,11540,61,,,0,30,,11541,61,,,0,70,,11542,61,,,0,32,,11543,61,,,0,57,,11545,61,,,0,15,,11544,61,,,0,15,,11546,61,,,0,15,,11530,61,,,0,55,,11538,61,,,0,15,,11515,61,,,0,15,,11522,61,,,0,15,,11503,61,,,0,55,,11531,61,,,0,15,,11512,61,,,0,15,,11516,61,,,0,15,,11523,61,,,0,55,,11504,61,,,0,15,,11532,61,,,0,15,,11527,61,,,0,15,,11517,61,,,0,55,,11524,61,,,0,15,,11505,61,,,0,15,,11533,61,,,0,15,,11526,61,,,0,55,,11518,61,,,0,15,,11511,61,,,0,15,,11506,61,,,0,15,,11534,61,,,0,55,,11513,61,,,0,15,,11519,61,,,0,15,,11510,61,,,0,15,,11507,61,,,0,55,,11535,61,,,0,15,,11528,61,,,0,15,,11520,61,,,0,15,,11525,61,,,0,55,,11508,61,,,0,15,,11536,61,,,0,14,,11529,61,,,0,15,,11521,61,,,0,55,,11514,61,,,0,15,,11509,61,,,0,28,,11537,61,,,0,68,,11497,61,,,0,30,,11501,61,,,0,70,,11499,61,,,0,30,,11498,61,,,0,70,,11502,61,,,0,30,,11500,61,,,0
1001,'Sunday',820,,11571,61,,,0,30,,11588,61,,,0,70,,11589,61,,,0,32,,11587,61,,,0,72,,11569,61,,,0,30,,11574,61,,,0,55,,11573,61,,,0,15,,11575,61,,,0,15,,11576,61,,,0,15,,11577,61,,,0,55,,11578,61,,,0,15,,11579,61,,,0,15,,11580,61,,,0,15,,11581,61,,,0,55,,11582,61,,,0,15,,11583,61,,,0,15,,11584,61,,,0,15,,11585,61,,,0,55,,11586,61,,,0,15,,11572,61,,,0,15,,11570,61,,,0,15,,11564,61,,,0,55,,11547,61,,,0,15,,11557,61,,,0,15,,11559,61,,,0,15,,11562,61,,,0,55,,11552,61,,,0,15,,11566,61,,,0,15,,11556,61,,,0,15,,11560,61,,,0,55,,11548,61,,,0,15,,11553,61,,,0,15,,11567,61,,,0,15,,11555,61,,,0,50,,11561,61,,,0,19,,11554,61,,,0,30,,11550,61,,,0,70,,11565,61,,,0,28,,11549,61,,,0,68,,11558,61,,,0,30,,11568,61,,,0,70,,11551,61,,,0,30,,11563,61,,,0
1001,'Weekday',547,,11590,61,,,0,65,,11591,61,,,0,31,,11592,61,,,0,58,,11625,61,,,0,15,,11593,61,,,0,15,,11626,61,,,0,18,,11594,61,,,0,55,,11627,61,,,0,18,,11595,61,,,0,15,,11628,61,,,0,20,,11596,61,,,0,54,,11629,61,,,0,15,,11597,61,,,0,14,,11630,61,,,0,15,,11598,61,,,0,55,,11631,61,,,0,15,,11599,61,,,0,15,,11632,61,,,0,15,,11600,61,,,0,55,,11633,61,,,0,15,,11601,61,,,0,17,,11634,61,,,0,15,,11602,61,,,0,55,,11635,61,,,0,15,,11603,61,,,0,15,,11636,61,,,0,15,,11604,61,,,0,55,,11637,61,,,0,15,,11605,61,,,0,15,,11638,61,,,0,15,,11606,61,,,0,55,,11639,61,,,0,15,,11607,61,,,0,17,,11640,61,,,0,15,,11608,61,,,0,55,,11641,61,,,0,15,,11609,61,,,0,16,,11642,61,,,0,55,,11610,61,,,0,12,,11643,61,,,0,15,,11611,61,,,0,15,,11644,61,,,0,15,,11612,61,,,0,55,,11645,61,,,0,12,,11613,61,,,0,15,,11646,61,,,0,12,,11614,61,,,0,55,,11647,61,,,0,15,,11615,61,,,0,15,,11648,61,,,0,12,,11616,61,,,0,55,,11649,61,,,0,15,,11650,61,,,0,15,,11617,61,,,0,21,,11618,61,,,0,70,,11619,61,,,0,30,,11620,61,,,0,70,,11621,61,,,0,26,,11622,61,,,0,70,,11623,61,,,0,30,,11624,61,,,0
1201,'Saturday',746,,11993,30,,,0,70,,11996,30,,,0,30,,11992,30,,,0,70,,11997,30,,,0,30,,11991,30,,,0,70,,11998,30,,,0,35,,11990,30,,,0,65,,11999,30,,,0,30,,11989,30,,,0,70,,12000,30,,,0,30,,11988,30,,,0,70,,12001,30,,,0,30,,11987,30,,,0,70,,12002,30,,,0,35,,11986,30,,,0,65,,12003,30,,,0,30,,11985,30,,,0,70,,12004,30,,,0,30,,11984,30,,,0,70,,12005,30,,,0,30,,11983,30,,,0,70,,12006,30,,,0,30,,11982,30,,,0,70,,12007,30,,,0,30,,11981,30,,,0,69,,11995,30,,,0,30,,11980,30,,,0,70,,11994,30,,,0,30,,11979,30,,,0,70,,12008,30,,,0
1201,'Sunday',816,,12018,30,,,0,100,,12019,30,,,0,30,,12017,30,,,0,70,,12020,30,,,0,35,,12016,30,,,0,65,,12021,30,,,0,30,,12015,30,,,0,70,,12022,30,,,0,30,,12014,30,,,0,70,,12023,30,,,0,30,,12013,30,,,0,70,,12024,30,,,0,35,,12012,30,,,0,65,,12025,30,,,0,30,,12011,30,,,0,70,,12026,30,,,0,30,,12010,30,,,0,70,,12027,30,,,0,30,,12009,30,,,0,70,,12028,30,,,0,35,,12029,30,,,0,70,,12030,30,,,0,30,,12031,30,,,0,69,,12032,30,,,0,30,,12033,30,,,0,70,,12034,30,,,0,30,,12035,30,,,0
1201,'Weekday',519,,12036,30,,,0,95,,12037,30,,,0,30,,12038,30,,,0,71,,12039,30,,,0,31,,12040,30,,,0,73,,12041,30,,,0,33,,12042,30,,,0,71,,12043,30,,,0,30,,12044,30,,,0,71,,12045,30,,,0,30,,12046,30,,,0,71,,12047,30,,,0,30,,12048,30,,,0,70,,12049,30,,,0,30,,12050,30,,,0,70,,12051,30,,,0,30,,12052,30,,,0,70,,12053,30,,,0,75,,12054,30,,,0,25,,12055,30,,,0,25,,12056,30,,,0,66,,12057,30,,,0,25,,12058,30,,,0,65,,12059,30,,,0,25,,12060,30,,,0,25,,12070,30,,,0,62,,12071,30,,,0,25,,12061,30,,,0,58,,12065,30,,,0,21,,12062,30,,,0,29,,12067,30,,,0,70,,12063,30,,,0,27,,12066,30,,,0,70,,12064,30,,,0,30,,12068,30,,,0,70,,12069,30,,,0
5201,'Saturday',2345,,12339,29,,,0,98,,12338,29,,,0
5201,'Weekday',2345,,12341,29,,,0,98,,12340,29,,,0
8700,'Weekday',610,,12453,18,,,0,45,,12454,18,,,0,85,,12455,18,,,0,86,,12456,18,,,0,85,,12457,18,,,0,600,,12458,18,,,0,45,,12459,18,,,0,85,,12460,18,,,0,85,,12461,18,,,0,85,,12462,18,,,0,44,,12463,18,,,0
