100,'Saturday',705,,10201,52,4,,0,15,,10202,52,4,,0,15,,10203,52,4,,0,15,,10204,52,4,,0,55,,10205,52,4,,0,15,,10206,52,4,,0,18,,10207,52,4,,0,15,,10208,52,4,,0,55,,10209,52,4,,0,15,,10210,52,4,,0,17,,10211,52,4,,0,16,,10212,52,4,,0,56,,10213,52,4,,0,15,,10190,52,4,,0,15,,10177,52,4,,0,15,,10184,52,4,,0,55,,10167,52,4,,0,15,,10191,52,4,,0,15,,10175,52,4,,0,13,,10214,52,4,,0,54,,10178,52,4,,0,14,,10174,52,4,,0,14,,10168,52,4,,0,14,,10192,52,4,,0,54,,10199,52,4,,0,14,,10179,52,4,,0,14,,10215,52,4,,0,14,,10173,52,4,,0,54,,10169,52,4,,0,14,,10165,52,4,,0,14,,10166,52,4,,0,14,,10180,52,4,,0,14,,10197,52,4,,0,54,,10216,52,4,,0,14,,10193,52,4,,0,14,,10187,52,4,,0,14,,10189,52,4,,0,54,,10181,52,4,,0,14,,10164,52,4,,0,14,,10170,52,4,,0,14,,10217,52,4,,0,55,,10194,52,4,,0,13,,10186,52,4,,0,15,,10176,52,4,,0,14,,10182,52,4,,0,54,,10185,52,4,,0,12,,10171,52,4,,0,13,,10195,52,4,,0,11,,10200,52,4,,0,15,,10188,52,4,,0,55,,10183,52,4,,0,15,,10198,52,4,,0,15,,10172,52,4,,0,15,,10196,52,4,,0,55,,10154,52,4,,0,30,,10158,52,4,,0,70,,10161,52,4,,0,30,,10155,52,4,,0,70,,10159,52,4,,0,30,,10162,52,4,,0,70,,10156,52,4,,0,30,,10160,52,4,,0,68,,10163,52,4,,0,25,,10157,52,4,,0,26,,10218,52,4,,0
100,'Sunday',705,,10263,52,4,,0,15,,10264,52,4,,0,15,,10265,52,4,,0,15,,10266,52,4,,0,55,,10267,52,4,,0,15,,10268,52,4,,0,18,,10269,52,4,,0,15,,10270,52,4,,0,55,,10271,52,4,,0,15,,10272,52,4,,0,17,,10273,52,4,,0,16,,10274,52,4,,0,56,,10275,52,4,,0,15,,10252,52,4,,0,15,,10239,52,4,,0,15,,10246,52,4,,0,55,,10229,52,4,,0,15,,10253,52,4,,0,15,,10237,52,4,,0,13,,10276,52,4,,0,54,,10240,52,4,,0,14,,10236,52,4,,0,14,,10230,52,4,,0,14,,10254,52,4,,0,54,,10261,52,4,,0,14,,10241,52,4,,0,14,,10277,52,4,,0,14,,10235,52,4,,0,54,,10231,52,4,,0,14,,10227,52,4,,0,14,,10228,52,4,,0,14,,10242,52,4,,0,14,,10259,52,4,,0,54,,10278,52,4,,0,14,,10255,52,4,,0,14,,10249,52,4,,0,14,,10251,52,4,,0,54,,10243,52,4,,0,14,,10226,52,4,,0,14,,10232,52,4,,0,14,,10279,52,4,,0,55,,10256,52,4,,0,13,,10248,52,4,,0,15,,10238,52,4,,0,14,,10244,52,4,,0,54,,10247,52,4,,0,12,,10233,52,4,,0,13,,10257,52,4,,0,11,,10262,52,4,,0,15,,10250,52,4,,0,55,,10245,52,4,,0,15,,10260,52,4,,0,15,,10234,52,4,,0,18,,10258,52,4,,0,58,,10219,52,4,,0,30,,10222,52,4,,0,70,,10224,52,4,,0,30,,10220,52,4,,0,70,,10223,52,4,,0,30,,10225,52,4,,0,70,,10221,52,4,,0
100,'Weekday',519,,10280,52,4,,0,15,,10281,52,4,,0,12,,10282,52,4,,0,12,,10283,52,4,,0,56,,10284,52,4,,0,12,,10285,52,4,,0,12,,10286,52,4,,0,12,,10287,52,4,,0,52,,10288,52,4,,0,14,,10289,52,4,,0,12,,10290,52,4,,0,12,,10291,52,4,,0,12,,10292,52,4,,0,52,,10293,52,4,,0,15,,10294,52,4,,0,12,,10295,52,4,,0,12,,10296,52,4,,0,12,,10297,52,4,,0,52,,10298,52,4,,0,11,,10299,52,4,,0,12,,10300,52,4,,0,12,,10301,52,4,,0,12,,10302,52,4,,0,52,,10303,52,4,,0,12,,10304,52,4,,0,12,,10305,52,4,,0,12,,10306,52,4,,0,12,,10307,52,4,,0,52,,10308,52,4,,0,13,,10309,52,4,,0,12,,10310,52,4,,0,12,,10311,52,4,,0,13,,10312,52,4,,0,52,,10313,52,4,,0,12,,10314,52,4,,0,12,,10315,52,4,,0,13,,10316,52,4,,0,13,,10317,52,4,,0,52,,10318,52,4,,0,12,,10319,52,4,,0,12,,10320,52,4,,0,11,,10321,52,4,,0,12,,10322,52,4,,0,53,,10323,52,4,,0,11,,10324,52,4,,0,12,,10325,52,4,,0,12,,10326,52,4,,0,10,,10327,52,4,,0,51,,10328,52,4,,0,11,,10329,52,4,,0,11,,10330,52,4,,0,10,,10331,52,4,,0,10,,10332,52,4,,0,11,,10333,52,4,,0,51,,10334,52,4,,0,10,,10335,52,4,,0,10,,10336,52,4,,0,11,,10337,52,4,,0,10,,10338,52,4,,0,51,,10339,52,4,,0,11,,10340,52,4,,0,11,,10341,52,4,,0,10,,10342,52,4,,0,10,,10343,52,4,,0,12,,10344,52,4,,0,50,,10345,52,4,,0,8,,10346,52,4,,0,11,,10347,52,4,,0,11,,10348,52,4,,0,11,,10349,52,4,,0,11,,10350,52,4,,0,52,,10351,52,4,,0,12,,10352,52,4,,0,12,,10353,52,4,,0,8,,10354,52,4,,0,12,,10355,52,4,,0,52,,10356,52,4,,0,12,,10357,52,4,,0,12,,10358,52,4,,0,12,,10359,52,4,,0,12,,10360,52,4,,0,52,,10361,52,4,,0,15,,10362,52,4,,0,14,,10363,52,4,,0,13,,10364,52,4,,0,55,,10365,52,4,,0,15,,10366,52,4,,0,15,,10367,52,4,,0,15,,10368,52,4,,0,53,,10369,52,4,,0,15,,10370,52,4,,0,15,,10371,52,4,,0,20,,10372,52,4,,0,55,,10373,52,4,,0,15,,10374,52,4,,0,15,,10375,52,4,,0,15,,10376,52,4,,0,55,,10377,52,4,,0,15,,10378,52,4,,0
101,'Saturday',635,,10390,1,,,0,15,,10391,1,,,0,55,,10392,1,,,0,10,,10393,1,,,0,15,,10394,1,,,0,15,,10395,1,,,0,55,,10396,1,,,0,15,,10397,1,,,0,15,,10398,1,,,0,15,,10399,1,,,0,55,,10400,1,,,0,15,,10401,1,,,0,15,,10402,1,,,0,15,,10403,1,,,0,55,,10404,1,,,0,13,,10405,1,,,0,11,,10442,1,,,0,14,,10406,1,,,0,14,,10407,1,,,0,54,,10408,1,,,0,14,,10409,1,,,0,14,,10410,1,,,0,14,,10411,1,,,0,54,,10441,1,,,0,14,,10412,1,,,0,14,,10413,1,,,0,14,,10414,1,,,0,14,,10415,1,,,0,53,,10416,1,,,0,14,,10417,1,,,0,14,,10439,1,,,0,14,,10418,1,,,0,54,,10419,1,,,0,14,,10420,1,,,0,14,,10421,1,,,0,14,,10422,1,,,0,54,,10423,1,,,0,14,,10440,1,,,0,14,,10424,1,,,0,14,,10425,1,,,0,14,,10426,1,,,0,54,,10427,1,,,0,14,,10428,1,,,0,14,,10429,1,,,0,14,,10430,1,,,0,55,,10431,1,,,0,15,,10432,1,,,0,15,,10433,1,,,0,15,,10434,1,,,0,57,,10435,1,,,0,18,,10436,1,,,0,15,,10437,1,,,0,55,,10438,1,,,0,15,,10382,1,,,0,30,,10385,1,,,0,70,,10379,1,,,0,30,,10383,1,,,0,70,,10386,1,,,0,30,,10380,1,,,0,70,,10384,1,,,0,30,,10387,1,,,0,70,,10381,1,,,0,30,,10388,1,,,0,70,,10389,1,,,0
101,'Sunday',635,,10450,1,,,0,15,,10451,1,,,0,55,,10452,1,,,0,10,,10453,1,,,0,15,,10454,1,,,0,15,,10455,1,,,0,55,,10456,1,,,0,15,,10457,1,,,0,15,,10458,1,,,0,15,,10459,1,,,0,55,,10460,1,,,0,15,,10461,1,,,0,15,,10462,1,,,0,15,,10463,1,,,0,55,,10464,1,,,0,13,,10465,1,,,0,11,,10502,1,,,0,14,,10466,1,,,0,14,,10467,1,,,0,54,,10468,1,,,0,14,,10469,1,,,0,14,,10470,1,,,0,14,,10471,1,,,0,54,,10501,1,,,0,14,,10472,1,,,0,14,,10473,1,,,0,14,,10474,1,,,0,14,,10475,1,,,0,53,,10476,1,,,0,14,,10477,1,,,0,14,,10499,1,,,0,14,,10478,1,,,0,54,,10479,1,,,0,14,,10480,1,,,0,14,,10481,1,,,0,14,,10482,1,,,0,54,,10483,1,,,0,14,,10500,1,,,0,14,,10484,1,,,0,14,,10485,1,,,0,14,,10486,1,,,0,54,,10487,1,,,0,14,,10488,1,,,0,14,,10489,1,,,0,14,,10490,1,,,0,55,,10491,1,,,0,15,,10492,1,,,0,15,,10493,1,,,0,15,,10494,1,,,0,57,,10495,1,,,0,18,,10496,1,,,0,15,,10497,1,,,0,55,,10498,1,,,0,18,,10445,1,,,0,30,,10448,1,,,0,70,,10443,1,,,0,30,,10446,1,,,0,70,,10449,1,,,0,30,,10444,1,,,0,70,,10447,1,,,0
101,'Weekday',452,,10503,1,,,0,55,,10504,1,,,0,12,,10505,1,,,0,12,,10506,1,,,0,12,,10507,1,,,0,12,,10508,1,,,0,52,,10509,1,,,0,12,,10510,1,,,0,12,,10511,1,,,0,15,,10512,1,,,0,54,,10513,1,,,0,12,,10514,1,,,0,12,,10515,1,,,0,12,,10516,1,,,0,12,,10517,1,,,0,52,,10518,1,,,0,12,,10519,1,,,0,12,,10520,1,,,0,12,,10521,1,,,0,12,,10522,1,,,0,52,,10523,1,,,0,12,,10524,1,,,0,12,,10525,1,,,0,12,,10526,1,,,0,12,,10527,1,,,0,52,,10528,1,,,0,12,,10529,1,,,0,12,,10530,1,,,0,12,,10531,1,,,0,12,,10532,1,,,0,52,,10533,1,,,0,12,,10534,1,,,0,12,,10535,1,,,0,12,,10536,1,,,0,12,,10537,1,,,0,52,,10538,1,,,0,12,,10539,1,,,0,12,,10540,1,,,0,12,,10541,1,,,0,12,,10542,1,,,0,11,,10543,1,,,0,49,,10544,1,,,0,11,,10545,1,,,0,11,,10546,1,,,0,10,,10547,1,,,0,10,,10548,1,,,0,9,,10549,1,,,0,49,,10550,1,,,0,9,,10551,1,,,0,9,,10552,1,,,0,10,,10553,1,,,0,9,,10554,1,,,0,10,,10555,1,,,0,50,,10556,1,,,0,10,,10557,1,,,0,10,,10558,1,,,0,11,,10559,1,,,0,10,,10560,1,,,0,10,,10561,1,,,0,50,,10562,1,,,0,11,,10563,1,,,0,11,,10564,1,,,0,11,,10565,1,,,0,11,,10566,1,,,0,50,,10567,1,,,0,10,,10568,1,,,0,11,,10569,1,,,0,10,,10570,1,,,0,11,,10571,1,,,0,10,,10572,1,,,0,51,,10573,1,,,0,11,,10574,1,,,0,11,,10575,1,,,0,11,,10576,1,,,0,11,,10577,1,,,0,11,,10578,1,,,0,51,,10579,1,,,0,11,,10580,1,,,0,10,,10581,1,,,0,10,,10582,1,,,0,10,,10583,1,,,0,50,,10584,1,,,0,12,,10585,1,,,0,12,,10586,1,,,0,11,,10587,1,,,0,10,,10588,1,,,0,55,,10589,1,,,0,15,,10590,1,,,0,15,,10591,1,,,0,15,,10592,1,,,0,55,,10604,1,,,0,15,,10603,1,,,0,15,,10602,1,,,0,10,,10593,1,,,0,15,,10594,1,,,0,55,,10595,1,,,0,15,,10596,1,,,0,15,,10597,1,,,0,15,,10598,1,,,0,55,,10599,1,,,0,15,,10600,1,,,0,15,,10601,1,,,0
400,'Saturday',929,,11134,86,4,,0,100,,11140,86,4,,0,100,,11135,86,4,,0,100,,11141,86,4,,0,100,,11136,86,4,,0,100,,11142,86,4,,0,100,,11137,86,4,,0,100,,11143,86,4,,0,100,,11138,86,4,,0,100,,11144,86,4,,0,100,,11139,86,4,,0,100,,11145,86,4,,0,98,,11146,86,4,,0
400,'Sunday',1229,,11147,86,4,,0,100,,11151,86,4,,0,100,,11148,86,4,,0,100,,11152,86,4,,0,100,,11149,86,4,,0,100,,11153,86,4,,0,100,,11150,86,4,,0
400,'Weekday',627,,11154,86,4,,0,101,,11155,86,4,,0,105,,11156,86,4,,0,23,,11157,86,4,,0,77,,11158,86,4,,0,69,,11159,86,4,,0,31,,11160,86,4,,0,70,,11161,86,4,,0,30,,11162,86,4,,0,70,,11163,86,4,,0,30,,11164,86,4,,0,70,,11165,86,4,,0,30,,11166,86,4,,0,70,,11167,86,4,,0,30,,11168,86,4,,0,70,,11169,86,4,,0,34,,11170,86,4,,0,71,,11171,86,4,,0,26,,11172,86,4,,0,70,,11173,86,4,,0,30,,11174,86,4,,0,70,,11175,86,4,,0,31,,11176,86,4,,0,67,,11180,86,4,,0,30,,11177,86,4,,0,96,,11178,86,4,,0,99,,11179,86,4,,0
401,'Saturday',936,,11181,1,,,0,100,,11186,1,,,0,100,,11182,1,,,0,100,,11187,1,,,0,100,,11183,1,,,0,100,,11188,1,,,0,100,,11184,1,,,0,100,,11189,1,,,0,100,,11185,1,,,0,100,,11190,1,,,0,100,,11191,1,,,0
401,'Sunday',1036,,11199,1,,,0,100,,11195,1,,,0,100,,11192,1,,,0,100,,11196,1,,,0,100,,11193,1,,,0,100,,11197,1,,,0,100,,11194,1,,,0,100,,11198,1,,,0
401,'Weekday',536,,11200,1,,,0,100,,11201,1,,,0,70,,11202,1,,,0,30,,11203,1,,,0,70,,11204,1,,,0,30,,11205,1,,,0,70,,11206,1,,,0,30,,11207,1,,,0,70,,11208,1,,,0,30,,11209,1,,,0,70,,11210,1,,,0,30,,11211,1,,,0,70,,11212,1,,,0,30,,11213,1,,,0,70,,11214,1,,,0,30,,11215,1,,,0,70,,11216,1,,,0,30,,11217,1,,,0,70,,11218,1,,,0,34,,11219,1,,,0,70,,11220,1,,,0,26,,11221,1,,,0,70,,11222,1,,,0,30,,11223,1,,,0,102,,11224,1,,,0,100,,11225,1,,,0
1000,'Saturday',735,,11347,67,4,,0,70,,11348,67,4,,0,31,,11349,67,4,,0,70,,11350,67,4,,0,30,,11351,67,4,,0,18,,11391,67,4,,0,55,,11352,67,4,,0,15,,11353,67,4,,0,15,,11354,67,4,,0,15,,11355,67,4,,0,55,,11356,67,4,,0,15,,11357,67,4,,0,15,,11358,67,4,,0,15,,11359,67,4,,0,55,,11360,67,4,,0,15,,11361,67,4,,0,15,,11362,67,4,,0,15,,11363,67,4,,0,55,,11364,67,4,,0,15,,11365,67,4,,0,15,,11366,67,4,,0,15,,11367,67,4,,0,55,,11368,67,4,,0,15,,11369,67,4,,0,15,,11370,67,4,,0,15,,11371,67,4,,0,55,,11372,67,4,,0,15,,11373,67,4,,0,15,,11374,67,4,,0,15,,11375,67,4,,0,55,,11376,67,4,,0,15,,11377,67,4,,0,15,,11378,67,4,,0,15,,11379,67,4,,0,55,,11380,67,4,,0,15,,11381,67,4,,0,15,,11382,67,4,,0,15,,11383,67,4,,0,55,,11384,67,4,,0,15,,11385,67,4,,0,15,,11386,67,4,,0,15,,11387,67,4,,0,55,,11388,67,4,,0,27,,11389,67,4,,0,70,,11390,67,4,,0,30,,11343,67,4,,0,70,,11341,67,4,,0,30,,11345,67,4,,0,70,,11344,67,4,,0,30,,11342,67,4,,0,70,,11346,67,4,,0
1000,'Sunday',840,,11434,67,4,,0,70,,11428,67,4,,0,30,,11433,67,4,,0,69,,11425,67,4,,0,30,,11427,67,4,,0,70,,11405,67,4,,0,15,,11393,67,4,,0,15,,11396,67,4,,0,15,,11415,67,4,,0,55,,11413,67,4,,0,15,,11406,67,4,,0,15,,11412,67,4,,0,15,,11397,67,4,,0,55,,11416,67,4,,0,15,,11404,67,4,,0,15,,11407,67,4,,0,15,,11422,67,4,,0,55,,11398,67,4,,0,15,,11417,67,4,,0,15,,11411,67,4,,0,15,,11408,67,4,,0,55,,11402,67,4,,0,15,,11399,67,4,,0,15,,11418,67,4,,0,15,,11395,67,4,,0,55,,11409,67,4,,0,15,,11421,67,4,,0,15,,11400,67,4,,0,15,,11419,67,4,,0,55,,11414,67,4,,0,15,,11410,67,4,,0,15,,11394,67,4,,0,15,,11401,67,4,,0,55,,11420,67,4,,0,15,,11403,67,4,,0,15,,11392,67,4,,0,70,,11423,67,4,,0,27,,11429,67,4,,0,70,,11424,67,4,,0,30,,11430,67,4,,0,70,,11426,67,4,,0,30,,11431,67,4,,0,70,,11432,67,4,,0
1000,'Weekday',529,,11445,67,4,,0,30,,11454,67,4,,0,66,,11440,67,4,,0,30,,11471,67,4,,0,55,,11468,67,4,,0,15,,11472,67,4,,0,10,,11464,67,4,,0,18,,11473,67,4,,0,55,,11449,67,4,,0,15,,11474,67,4,,0,15,,11455,67,4,,0,17,,11475,67,4,,0,55,,11435,67,4,,0,15,,11476,67,4,,0,15,,11461,67,4,,0,15,,11477,67,4,,0,55,,11470,67,4,,0,15,,11478,67,4,,0,15,,11467,67,4,,0,15,,11479,67,4,,0,55,,11456,67,4,,0,15,,11480,67,4,,0,15,,11452,67,4,,0,15,,11481,67,4,,0,57,,11444,67,4,,0,18,,11482,67,4,,0,15,,11453,67,4,,0,55,,11483,67,4,,0,15,,11439,67,4,,0,15,,11484,67,4,,0,15,,11457,67,4,,0,55,,11485,67,4,,0,15,,11469,67,4,,0,15,,11486,67,4,,0,15,,11443,67,4,,0,55,,11487,67,4,,0,14,,11466,67,4,,0,12,,11488,67,4,,0,15,,11463,67,4,,0,12,,11489,67,4,,0,55,,11458,67,4,,0,15,,11490,67,4,,0,15,,11462,67,4,,0,15,,11491,67,4,,0,55,,11451,67,4,,0,15,,11492,67,4,,0,15,,11446,67,4,,0,15,,11493,67,4,,0,55,,11448,67,4,,0,11,,11494,67,4,,0,15,,11459,67,4,,0,15,,11495,67,4,,0,58,,11447,67,4,,0,18,,11496,67,4,,0,13,,11442,67,4,,0,70,,11465,67,4,,0,30,,11450,67,4,,0,70,,11460,67,4,,0,30,,11436,67,4,,0,70,,11438,67,4,,0,27,,11441,67,4,,0,70,,11437,67,4,,0
1001,'Saturday',718,,11539,1,,,0,30,,11540,1,,,0,70,,11541,1,,,0,30,,11542,1,,,0,70,,11543,1,,,0,15,,11545,1,,,0,15,,11544,1,,,0,55,,11546,1,,,0,15,,11530,1,,,0,15,,11538,1,,,0,15,,11515,1,,,0,55,,11522,1,,,0,15,,11503,1,,,0,15,,11531,1,,,0,15,,11512,1,,,0,55,,11516,1,,,0,15,,11523,1,,,0,15,,11504,1,,,0,15,,11532,1,,,0,55,,11527,1,,,0,15,,11517,1,,,0,15,,11524,1,,,0,15,,11505,1,,,0,55,,11533,1,,,0,15,,11526,1,,,0,15,,11518,1,,,0,15,,11511,1,,,0,55,,11506,1,,,0,15,,11534,1,,,0,15,,11513,1,,,0,15,,11519,1,,,0,55,,11510,1,,,0,15,,11507,1,,,0,15,,11535,1,,,0,15,,11528,1,,,0,55,,11520,1,,,0,15,,11525,1,,,0,15,,11508,1,,,0,15,,11536,1,,,0,55,,11529,1,,,0,15,,11521,1,,,0,15,,11514,1,,,0,15,,11509,1,,,0,70,,11537,1,,,0,30,,11497,1,,,0,70,,11501,1,,,0,30,,11499,1,,,0,70,,11498,1,,,0,30,,11502,1,,,0,70,,11500,1,,,0
1001,'Sunday',748,,11571,1,,,0,70,,11588,1,,,0,30,,11589,1,,,0,70,,11587,1,,,0,30,,11569,1,,,0,70,,11574,1,,,0,15,,11573,1,,,0,15,,11575,1,,,0,55,,11576,1,,,0,15,,11577,1,,,0,15,,11578,1,,,0,15,,11579,1,,,0,55,,11580,1,,,0,15,,11581,1,,,0,15,,11582,1,,,0,15,,11583,1,,,0,55,,11584,1,,,0,15,,11585,1,,,0,15,,11586,1,,,0,15,,11572,1,,,0,55,,11570,1,,,0,15,,11564,1,,,0,15,,11547,1,,,0,15,,11557,1,,,0,55,,11559,1,,,0,15,,11562,1,,,0,15,,11552,1,,,0,15,,11566,1,,,0,55,,11556,1,,,0,15,,11560,1,,,0,15,,11548,1,,,0,15,,11553,1,,,0,55,,11567,1,,,0,15,,11555,1,,,0,10,,11561,1,,,0,19,,11554,1,,,0,71,,11550,1,,,0,30,,11565,1,,,0,70,,11549,1,,,0,30,,11558,1,,,0,70,,11568,1,,,0,30,,11551,1,,,0,70,,11563,1,,,0
1001,'Weekday',515,,11590,1,,,0,25,,11591,1,,,0,70,,11592,1,,,0,18,,11625,1,,,0,15,,11593,1,,,0,15,,11626,1,,,0,55,,11594,1,,,0,15,,11627,1,,,0,15,,11595,1,,,0,15,,11628,1,,,0,60,,11596,1,,,0,15,,11629,1,,,0,15,,11597,1,,,0,55,,11630,1,,,0,15,,11598,1,,,0,15,,11631,1,,,0,15,,11599,1,,,0,55,,11632,1,,,0,15,,11600,1,,,0,15,,11633,1,,,0,15,,11601,1,,,0,55,,11634,1,,,0,15,,11602,1,,,0,15,,11635,1,,,0,15,,11603,1,,,0,55,,11636,1,,,0,15,,11604,1,,,0,15,,11637,1,,,0,15,,11605,1,,,0,55,,11638,1,,,0,15,,11606,1,,,0,15,,11639,1,,,0,15,,11607,1,,,0,55,,11640,1,,,0,15,,11608,1,,,0,15,,11641,1,,,0,15,,11609,1,,,0,55,,11642,1,,,0,15,,11610,1,,,0,12,,11643,1,,,0,15,,11611,1,,,0,55,,11644,1,,,0,15,,11612,1,,,0,15,,11645,1,,,0,12,,11613,1,,,0,15,,11646,1,,,0,55,,11614,1,,,0,15,,11647,1,,,0,15,,11615,1,,,0,15,,11648,1,,,0,55,,11616,1,,,0,15,,11649,1,,,0,15,,11650,1,,,0,15,,11617,1,,,0,61,,11618,1,,,0,30,,11619,1,,,0,70,,11620,1,,,0,30,,11621,1,,,0,70,,11622,1,,,0,30,,11623,1,,,0,70,,11624,1,,,0
1100,'Saturday',747,,11651,1,,,0,70,,11666,1,,,0,30,,11652,1,,,0,70,,11667,1,,,0,30,,11653,1,,,0,70,,11668,1,,,0,30,,11654,1,,,0,70,,11669,1,,,0,30,,11655,1,,,0,70,,11670,1,,,0,30,,11656,1,,,0,70,,11671,1,,,0,30,,11657,1,,,0,70,,11672,1,,,0,30,,11658,1,,,0,70,,11673,1,,,0,30,,11659,1,,,0,70,,11674,1,,,0,30,,11660,1,,,0,70,,11675,1,,,0,30,,11661,1,,,0,70,,11676,1,,,0,30,,11662,1,,,0,70,,11677,1,,,0,30,,11663,1,,,0,70,,11678,1,,,0,30,,11664,1,,,0,70,,11679,1,,,0,30,,11665,1,,,0
1100,'Sunday',747,,11706,1,,,0,70,,11707,1,,,0,30,,11690,1,,,0,70,,11691,1,,,0,30,,11689,1,,,0,70,,11692,1,,,0,30,,11688,1,,,0,70,,11693,1,,,0,30,,11687,1,,,0,70,,11694,1,,,0,30,,11686,1,,,0,70,,11695,1,,,0,30,,11685,1,,,0,70,,11696,1,,,0,30,,11684,1,,,0,70,,11697,1,,,0,30,,11683,1,,,0,70,,11698,1,,,0,30,,11682,1,,,0,70,,11699,1,,,0,30,,11681,1,,,0,70,,11700,1,,,0,30,,11680,1,,,0,70,,11701,1,,,0,30,,11702,1,,,0,70,,11703,1,,,0,30,,11704,1,,,0,70,,11705,1,,,0
1100,'Weekday',520,,11708,1,,,0,20,,11709,1,,,0,60,,11710,1,,,0,13,,11762,1,,,0,15,,11711,1,,,0,15,,11763,1,,,0,15,,11712,1,,,0,55,,11713,1,,,0,15,,11714,1,,,0,15,,11715,1,,,0,60,,11716,1,,,0,15,,11717,1,,,0,15,,11718,1,,,0,15,,11719,1,,,0,55,,11751,1,,,0,15,,11720,1,,,0,15,,11752,1,,,0,15,,11721,1,,,0,55,,11753,1,,,0,15,,11722,1,,,0,15,,11754,1,,,0,15,,11723,1,,,0,55,,11755,1,,,0,15,,11724,1,,,0,15,,11756,1,,,0,15,,11725,1,,,0,55,,11757,1,,,0,15,,11726,1,,,0,15,,11758,1,,,0,15,,11727,1,,,0,55,,11759,1,,,0,15,,11728,1,,,0,15,,11760,1,,,0,15,,11729,1,,,0,55,,11761,1,,,0,15,,11730,1,,,0,15,,11731,1,,,0,16,,11732,1,,,0,55,,11764,1,,,0,15,,11733,1,,,0,15,,11734,1,,,0,15,,11735,1,,,0,57,,11736,1,,,0,18,,11766,1,,,0,15,,11737,1,,,0,15,,11738,1,,,0,58,,11739,1,,,0,12,,11740,1,,,0,18,,11765,1,,,0,12,,11767,1,,,0,58,,11741,1,,,0,12,,11742,1,,,0,18,,11768,1,,,0,12,,11743,1,,,0,66,,11744,1,,,0,30,,11745,1,,,0,70,,11746,1,,,0,30,,11747,1,,,0,70,,11748,1,,,0,30,,11749,1,,,0,70,,11750,1,,,0
1101,'Saturday',733,,11783,31,4,,0,70,,11784,31,4,,0,30,,11769,31,4,,0,71,,11785,31,4,,0,30,,11770,31,4,,0,70,,11786,31,4,,0,30,,11771,31,4,,0,71,,11787,31,4,,0,30,,11772,31,4,,0,70,,11788,31,4,,0,30,,11773,31,4,,0,70,,11789,31,4,,0,30,,11774,31,4,,0,70,,11790,31,4,,0,30,,11775,31,4,,0,70,,11791,31,4,,0,30,,11776,31,4,,0,70,,11792,31,4,,0,30,,11777,31,4,,0,70,,11793,31,4,,0,30,,11778,31,4,,0,69,,11794,31,4,,0,30,,11779,31,4,,0,70,,11795,31,4,,0,30,,11780,31,4,,0,71,,11796,31,4,,0,30,,11781,31,4,,0,70,,11797,31,4,,0,30,,11782,31,4,,0,70,,11798,31,4,,0
1101,'Sunday',833,,11811,31,4,,0,71,,11810,31,4,,0,30,,11809,31,4,,0,70,,11812,31,4,,0,30,,11808,31,4,,0,71,,11813,31,4,,0,30,,11807,31,4,,0,70,,11814,31,4,,0,30,,11815,31,4,,0,70,,11806,31,4,,0,30,,11816,31,4,,0,70,,11805,31,4,,0,30,,11804,31,4,,0,70,,11817,31,4,,0,30,,11803,31,4,,0,70,,11818,31,4,,0,30,,11819,31,4,,0,70,,11802,31,4,,0,30,,11820,31,4,,0,69,,11801,31,4,,0,30,,11821,31,4,,0,70,,11800,31,4,,0,30,,11799,31,4,,0,71,,11822,31,4,,0,30,,11823,31,4,,0,70,,11824,31,4,,0,30,,11825,31,4,,0
1101,'Weekday',529,,11826,31,4,,0,28,,11827,31,4,,0,54,,11885,31,4,,0,12,,11828,31,4,,0,15,,11880,31,4,,0,15,,11829,31,4,,0,55,,11881,31,4,,0,15,,11830,31,4,,0,14,,11831,31,4,,0,15,,11832,31,4,,0,58,,11833,31,4,,0,15,,11834,31,4,,0,15,,11835,31,4,,0,15,,11836,31,4,,0,60,,11837,31,4,,0,12,,11871,31,4,,0,16,,11838,31,4,,0,15,,11872,31,4,,0,55,,11839,31,4,,0,15,,11873,31,4,,0,15,,11840,31,4,,0,15,,11874,31,4,,0,55,,11841,31,4,,0,15,,11875,31,4,,0,15,,11842,31,4,,0,15,,11876,31,4,,0,55,,11843,31,4,,0,15,,11877,31,4,,0,15,,11844,31,4,,0,15,,11878,31,4,,0,55,,11845,31,4,,0,15,,11879,31,4,,0,15,,11846,31,4,,0,15,,11869,31,4,,0,55,,11847,31,4,,0,15,,11870,31,4,,0,15,,11848,31,4,,0,64,,11849,31,4,,0,20,,11850,31,4,,0,15,,11851,31,4,,0,15,,11852,31,4,,0,55,,11882,31,4,,0,15,,11853,31,4,,0,15,,11854,31,4,,0,15,,11855,31,4,,0,60,,11856,31,4,,0,15,,11883,31,4,,0,15,,11857,31,4,,0,53,,11858,31,4,,0,15,,11859,31,4,,0,15,,11884,31,4,,0,15,,11860,31,4,,0,68,,11861,31,4,,0,30,,11862,31,4,,0,70,,11863,31,4,,0,28,,11864,31,4,,0,70,,11865,31,4,,0,30,,11866,31,4,,0,70,,11867,31,4,,0,29,,11868,31,4,,0
2500,'Saturday',714,,12085,1,,,0,30,,12084,1,,,0,70,,12086,1,,,0,30,,12083,1,,,0,70,,12087,1,,,0,30,,12082,1,,,0,70,,12088,1,,,0,30,,12081,1,,,0,70,,12089,1,,,0,30,,12080,1,,,0,70,,12090,1,,,0,30,,12079,1,,,0,70,,12091,1,,,0,30,,12078,1,,,0,70,,12092,1,,,0,30,,12077,1,,,0,70,,12093,1,,,0,30,,12076,1,,,0,70,,12094,1,,,0,30,,12075,1,,,0,70,,12095,1,,,0,30,,12074,1,,,0,72,,12096,1,,,0,30,,12073,1,,,0,70,,12097,1,,,0,30,,12072,1,,,0,70,,12098,1,,,0,30,,12100,1,,,0,70,,12099,1,,,0,30,,12101,1,,,0
2500,'Sunday',744,,12102,1,,,0,70,,12114,1,,,0,30,,12103,1,,,0,70,,12115,1,,,0,30,,12104,1,,,0,70,,12116,1,,,0,30,,12105,1,,,0,70,,12117,1,,,0,30,,12106,1,,,0,70,,12118,1,,,0,30,,12107,1,,,0,70,,12119,1,,,0,30,,12108,1,,,0,70,,12120,1,,,0,30,,12109,1,,,0,70,,12121,1,,,0,30,,12110,1,,,0,70,,12122,1,,,0,30,,12111,1,,,0,70,,12123,1,,,0,30,,12112,1,,,0,72,,12124,1,,,0,30,,12113,1,,,0,70,,12125,1,,,0,30,,12126,1,,,0,70,,12127,1,,,0,30,,12128,1,,,0,70,,12129,1,,,0
2500,'Weekday',508,,12130,1,,,0,28,,12131,1,,,0,66,,12132,1,,,0,28,,12133,1,,,0,28,,12134,1,,,0,55,,12135,1,,,0,15,,12136,1,,,0,15,,12137,1,,,0,15,,12138,1,,,0,60,,12139,1,,,0,15,,12140,1,,,0,17,,12141,1,,,0,55,,12183,1,,,0,15,,12142,1,,,0,15,,12184,1,,,0,15,,12143,1,,,0,55,,12185,1,,,0,15,,12144,1,,,0,15,,12186,1,,,0,15,,12145,1,,,0,55,,12187,1,,,0,15,,12146,1,,,0,15,,12188,1,,,0,15,,12147,1,,,0,55,,12182,1,,,0,15,,12148,1,,,0,15,,12181,1,,,0,15,,12149,1,,,0,55,,12180,1,,,0,15,,12150,1,,,0,15,,12178,1,,,0,15,,12151,1,,,0,55,,12179,1,,,0,15,,12152,1,,,0,15,,12153,1,,,0,15,,12154,1,,,0,55,,12155,1,,,0,15,,12156,1,,,0,15,,12157,1,,,0,15,,12158,1,,,0,55,,12159,1,,,0,15,,12160,1,,,0,15,,12161,1,,,0,15,,12162,1,,,0,55,,12163,1,,,0,15,,12164,1,,,0,15,,12165,1,,,0,15,,12166,1,,,0,73,,12167,1,,,0,27,,12168,1,,,0,70,,12169,1,,,0,30,,12170,1,,,0,70,,12171,1,,,0,30,,12172,1,,,0,70,,12173,1,,,0,30,,12174,1,,,0,70,,12175,1,,,0,30,,12176,1,,,0,70,,12177,1,,,0
2501,'Saturday',734,,12201,33,4,,0,70,,12202,33,4,,0,30,,12200,33,4,,0,70,,12203,33,4,,0,30,,12199,33,4,,0,70,,12204,33,4,,0,30,,12198,33,4,,0,70,,12205,33,4,,0,30,,12197,33,4,,0,70,,12206,33,4,,0,30,,12196,33,4,,0,70,,12207,33,4,,0,30,,12195,33,4,,0,70,,12208,33,4,,0,30,,12194,33,4,,0,70,,12209,33,4,,0,30,,12193,33,4,,0,70,,12210,33,4,,0,30,,12192,33,4,,0,70,,12211,33,4,,0,30,,12191,33,4,,0,70,,12212,33,4,,0,30,,12190,33,4,,0,70,,12213,33,4,,0,30,,12189,33,4,,0,70,,12214,33,4,,0,30,,12216,33,4,,0,70,,12215,33,4,,0,30,,12217,33,4,,0,70,,12218,33,4,,0
2501,'Sunday',804,,12230,33,4,,0,30,,12219,33,4,,0,70,,12231,33,4,,0,30,,12220,33,4,,0,70,,12232,33,4,,0,30,,12221,33,4,,0,70,,12233,33,4,,0,30,,12222,33,4,,0,70,,12234,33,4,,0,30,,12223,33,4,,0,70,,12235,33,4,,0,30,,12224,33,4,,0,70,,12236,33,4,,0,30,,12225,33,4,,0,70,,12237,33,4,,0,30,,12226,33,4,,0,70,,12238,33,4,,0,30,,12227,33,4,,0,70,,12239,33,4,,0,30,,12228,33,4,,0,70,,12240,33,4,,0,30,,12229,33,4,,0,70,,12241,33,4,,0,30,,12242,33,4,,0,70,,12243,33,4,,0,30,,12244,33,4,,0,70,,12245,33,4,,0,30,,12246,33,4,,0
2501,'Weekday',526,,12247,33,4,,0,28,,12248,33,4,,0,72,,12249,33,4,,0,26,,12250,33,4,,0,71,,12251,33,4,,0,16,,12252,33,4,,0,15,,12253,33,4,,0,55,,12254,33,4,,0,17,,12255,33,4,,0,15,,12256,33,4,,0,14,,12257,33,4,,0,55,,12258,33,4,,0,13,,12295,33,4,,0,15,,12259,33,4,,0,15,,12296,33,4,,0,55,,12260,33,4,,0,15,,12297,33,4,,0,15,,12261,33,4,,0,16,,12298,33,4,,0,55,,12262,33,4,,0,15,,12299,33,4,,0,15,,12263,33,4,,0,15,,12300,33,4,,0,55,,12264,33,4,,0,15,,12301,33,4,,0,15,,12265,33,4,,0,15,,12302,33,4,,0,55,,12266,33,4,,0,16,,12303,33,4,,0,15,,12267,33,4,,0,14,,12304,33,4,,0,55,,12268,33,4,,0,15,,12305,33,4,,0,15,,12269,33,4,,0,20,,12270,33,4,,0,53,,12271,33,4,,0,17,,12272,33,4,,0,15,,12273,33,4,,0,15,,12274,33,4,,0,55,,12275,33,4,,0,16,,12276,33,4,,0,15,,12277,33,4,,0,55,,12278,33,4,,0,15,,12279,33,4,,0,15,,12280,33,4,,0,15,,12281,33,4,,0,13,,12282,33,4,,0,55,,12283,33,4,,0,28,,12284,33,4,,0,70,,12285,33,4,,0,28,,12286,33,4,,0,70,,12287,33,4,,0,29,,12288,33,4,,0,69,,12289,33,4,,0,30,,12290,33,4,,0,69,,12291,33,4,,0,30,,12292,33,4,,0,69,,12293,33,4,,0,30,,12294,33,4,,0
8000,'Weekday',538,,12368,10,4,,0,70,,12363,22,4,,0,31,,12359,22,4,,0,70,,12364,22,4,,0,30,,12360,22,4,,0,73,,12365,22,4,,0,30,,12361,22,4,,0,70,,12366,22,4,,0,30,,12362,22,4,,0,74,,12367,22,4,,0,30,,12344,22,4,,0,70,,12350,22,4,,0,30,,12345,22,4,,0,65,,12351,22,4,,0,30,,12346,22,4,,0,70,,12352,22,4,,0,30,,12347,22,4,,0,70,,12353,22,4,,0,31,,12348,22,4,,0,70,,12354,22,4,,0,30,,12349,22,4,,0,71,,12357,22,4,,0,23,,12358,22,4,,0,69,,12356,22,4,,0,31,,12355,22,4,,0,69,,12369,22,4,,0,31,,12342,22,4,,0,74,,12343,22,4,,0
8001,'Weekday',540,,12382,1,,,0,70,,12377,1,,,0,30,,12383,1,,,0,72,,12378,1,,,0,30,,12384,1,,,0,77,,12379,1,,,0,30,,12385,1,,,0,70,,12380,1,,,0,30,,12386,1,,,0,70,,12381,1,,,0,30,,12387,1,,,0,70,,12392,1,,,0,30,,12388,1,,,0,66,,12393,1,,,0,30,,12389,1,,,0,70,,12394,1,,,0,30,,12390,1,,,0,70,,12395,1,,,0,30,,12391,1,,,0,70,,12397,1,,,0,29,,12371,1,,,0,71,,12375,1,,,0,23,,12372,1,,,0,72,,12373,1,,,0,30,,12396,1,,,0,70,,12370,1,,,0,30,,12374,1,,,0
8100,'Weekday',536,,12425,33,4,,0,70,,12404,42,4,,0,32,,12409,42,4,,0,71,,12405,42,4,,0,32,,12410,42,4,,0,71,,12406,42,4,,0,33,,12411,42,4,,0,72,,12407,42,4,,0,30,,12412,42,4,,0,70,,12408,42,4,,0,29,,12415,42,4,,0,70,,12416,42,4,,0,30,,12417,42,4,,0,65,,12418,42,4,,0,30,,12419,42,4,,0,70,,12420,42,4,,0,30,,12421,42,4,,0,70,,12422,42,4,,0,27,,12423,42,4,,0,72,,12424,42,4,,0,30,,12413,42,4,,0,73,,12414,42,4,,0,26,,12398,42,4,,0,69,,12402,42,4,,0,31,,12400,42,4,,0,69,,12399,42,4,,0,32,,12403,42,4,,0,67,,12401,42,4,,0
8101,'Weekday',540,,12430,1,,,0,70,,12435,1,,,0,32,,12431,1,,,0,70,,12436,1,,,0,30,,12432,1,,,0,77,,12437,1,,,0,30,,12433,1,,,0,70,,12438,1,,,0,30,,12434,1,,,0,70,,12441,1,,,0,30,,12442,1,,,0,70,,12443,1,,,0,30,,12444,1,,,0,66,,12445,1,,,0,30,,12446,1,,,0,70,,12447,1,,,0,30,,12448,1,,,0,70,,12449,1,,,0,30,,12450,1,,,0,70,,12439,1,,,0,30,,12451,1,,,0,70,,12440,1,,,0,30,,12428,1,,,0,70,,12426,1,,,0,30,,12427,1,,,0,70,,12452,1,,,0,30,,12429,1,,,0
