200,'Saturday',628,5,10605,12,,,0,100,5,10606,12,,,0,100,5,10607,12,,,0,100,4,10608,12,,,0,30,4,10621,12,,,0,60,4,10609,12,,,0,20,4,10635,12,,,0,20,4,10622,12,,,0,60,4,10610,12,,,0,20,4,10636,12,,,0,20,4,10623,12,,,0,59,3,10611,12,,,0,20,3,10637,12,,,0,65,43,10624,12,,,0,20,3,10612,12,,,0,20,3,10638,12,,,0,60,43,10625,12,,,0,20,3,10613,12,,,0,20,3,10639,12,,,0,60,43,10626,12,,,0,25,3,10614,12,,,0,20,3,10640,12,,,0,60,3,10627,12,,,0,20,3,10615,12,,,0,20,3,10641,12,,,0,60,3,10628,12,,,0,21,4,10616,12,,,0,30,4,10629,12,,,0,70,4,10617,12,,,0,30,4,10630,12,,,0,70,5,10618,12,,,0,30,5,10631,12,,,0,70,5,10619,12,,,0,30,5,10632,12,,,0,70,5,10620,12,,,0,30,5,10633,12,,,0,95,,10634,12,4,,0
200,'Sunday',758,5,10642,12,,,0,100,5,10643,12,,,0,100,4,10644,12,,,0,60,4,10655,12,,,0,20,4,10668,12,,,0,20,4,10645,12,,,0,60,4,10656,12,,,0,20,4,10669,12,,,0,20,4,10646,12,,,0,59,3,10657,12,,,0,20,3,10670,12,,,0,65,43,10647,12,,,0,20,3,10658,12,,,0,20,3,10671,12,,,0,60,43,10648,12,,,0,20,3,10659,12,,,0,20,3,10672,12,,,0,60,43,10649,12,,,0,25,3,10660,12,,,0,20,3,10673,12,,,0,60,3,10650,12,,,0,20,3,10661,12,,,0,20,3,10674,12,,,0,60,3,10651,12,,,0,21,4,10662,12,,,0,30,4,10652,12,,,0,70,4,10663,12,,,0,30,4,10653,12,,,0,70,5,10664,12,,,0,30,5,10654,12,,,0,70,5,10665,12,,,0,30,5,10666,12,,,0,70,5,10667,12,,,0
200,'Weekday',453,3,10675,12,,,0,67,5,10677,12,,,0,30,5,10679,12,,,0,71,5,10708,12,,,0,15,5,10681,12,,,0,15,5,10682,12,,,0,55,5,10709,12,,,0,15,5,10683,12,,,0,15,5,10684,12,,,0,14,3,10685,12,,,0,55,3,10686,12,,,0,15,3,10687,12,,,0,15,3,10710,12,,,0,16,5,10688,12,,,0,55,5,10711,12,,,0,15,5,10689,12,,,0,15,5,10690,12,,,0,15,5,10712,12,,,0,55,5,10713,12,,,0,15,5,10714,12,,,0,15,5,10691,12,,,0,15,5,10715,12,,,0,55,5,10716,12,,,0,13,3,10692,12,,,0,15,3,10717,12,,,0,15,3,10693,12,,,0,55,3,10694,12,,,0,15,3,10718,12,,,0,15,3,10719,12,,,0,15,3,10695,12,,,0,55,3,10696,12,,,0,17,5,10720,12,,,0,16,5,10721,12,,,0,18,5,10697,12,,,0,55,5,10722,12,,,0,15,5,10723,12,,,0,15,5,10698,12,,,0,15,5,10724,12,,,0,55,5,10725,12,,,0,15,5,10726,12,,,0,15,5,10699,12,,,0,15,5,10700,12,,,0,55,5,10701,12,,,0,15,5,10727,12,,,0,15,5,10728,12,,,0,15,5,10729,12,,,0,55,5,10730,12,,,0,15,5,10702,12,,,0,15,5,10731,12,,,0,15,5,10703,12,,,0,55,5,10732,12,,,0,14,5,10704,12,,,0,15,5,10733,12,,,0,62,45,10734,12,,,0,30,5,10735,12,,,0,70,45,10707,12,,,0,31,5,10705,12,,,0,70,45,10676,12,,,0,30,5,10706,12,,,0,70,45,10678,12,,,0,30,5,10680,12,,,0,68,43,10736,12,4,,0
201,'Saturday',655,5,10737,27,,,0,100,5,10738,27,,,0,100,5,10739,27,,,0,70,5,10767,27,,,0,30,5,10740,27,,,0,70,3,10754,27,,,0,20,3,10741,27,,,0,60,3,10768,27,,,0,20,3,10755,27,,,0,20,3,10742,27,,,0,60,3,10769,27,,,0,25,3,10756,27,,,0,20,3,10743,27,,,0,60,3,10770,27,,,0,19,2,10757,27,,,0,20,2,10744,27,,,0,60,2,10771,27,,,0,20,2,10758,27,,,0,20,2,10745,27,,,0,65,2,10772,27,,,0,20,2,10759,27,,,0,20,2,10746,27,,,0,60,2,10773,27,,,0,21,3,10760,27,,,0,20,3,10747,27,,,0,60,3,10774,27,,,0,20,3,10761,27,,,0,20,3,10748,27,,,0,70,5,10762,27,,,0,30,5,10749,27,,,0,70,5,10763,27,,,0,30,5,10750,27,,,0,70,5,10764,27,,,0,30,5,10751,27,,,0,70,5,10765,27,,,0,30,5,10752,27,,,0,70,5,10766,27,,,0,25,,10753,27,4,,0
201,'Sunday',755,5,10775,27,,,0,100,5,10776,27,,,0,70,5,10799,27,,,0,30,5,10777,27,,,0,70,3,10788,27,,,0,20,3,10778,27,,,0,60,3,10808,27,,,0,20,3,10789,27,,,0,20,3,10779,27,,,0,60,3,10809,27,,,0,25,3,10790,27,,,0,20,3,10780,27,,,0,60,3,10807,27,,,0,19,2,10791,27,,,0,20,2,10781,27,,,0,60,2,10805,27,,,0,20,2,10792,27,,,0,20,2,10782,27,,,0,65,2,10803,27,,,0,20,2,10793,27,,,0,20,2,10783,27,,,0,60,2,10804,27,,,0,21,3,10794,27,,,0,20,3,10784,27,,,0,60,3,10806,27,,,0,20,3,10795,27,,,0,20,3,10785,27,,,0,70,5,10796,27,,,0,30,5,10786,27,,,0,70,5,10797,27,,,0,30,5,10787,27,,,0,70,5,10798,27,,,0,30,5,10800,27,,,0,70,5,10801,27,,,0,30,5,10802,27,,,0
201,'Weekday',523,3,10834,27,,,0,27,3,10835,27,,,0,70,3,10836,27,,,0,15,3,10837,27,,,0,15,3,10811,27,,,0,55,3,10838,27,,,0,15,3,10839,27,,,0,17,3,10812,27,,,0,16,5,10840,27,,,0,58,5,10813,27,,,0,14,5,10814,27,,,0,15,5,10841,27,,,0,15,5,10842,27,,,0,55,5,10843,27,,,0,15,5,10815,27,,,0,14,5,10844,27,,,0,16,5,10816,27,,,0,55,5,10845,27,,,0,15,5,10846,27,,,0,15,5,10847,27,,,0,15,5,10848,27,,,0,55,5,10817,27,,,0,15,5,10849,27,,,0,15,5,10850,27,,,0,15,5,10818,27,,,0,55,5,10851,27,,,0,15,5,10852,27,,,0,15,5,10819,27,,,0,15,5,10853,27,,,0,55,5,10820,27,,,0,15,5,10854,27,,,0,15,5,10821,27,,,0,15,5,10822,27,,,0,60,5,10855,27,,,0,15,5,10856,27,,,0,15,5,10823,27,,,0,58,45,10857,27,,,0,15,5,10858,27,,,0,15,5,10859,27,,,0,15,5,10860,27,,,0,55,45,10824,27,,,0,15,5,10861,27,,,0,15,5,10825,27,,,0,14,4,10862,27,,,0,55,45,10826,27,,,0,15,5,10863,27,,,0,15,5,10864,27,,,0,15,5,10865,27,,,0,11,4,10866,27,,,0,55,4,10867,27,,,0,15,4,10827,27,,,0,16,3,10868,27,,,0,15,5,10828,27,,,0,70,5,10830,27,,,0,30,3,10832,27,,,0,70,3,10869,27,,,0,30,3,10831,27,,,0,70,3,10829,27,,,0,30,3,10833,27,,,0,70,3,10870,27,,,0,30,3,10810,27,,,0
600,'Saturday',748,,11240,1,,,0,100,,11239,1,,,0,106,,11238,1,,,0,100,,11237,1,,,0,100,,11236,1,,,0,100,,11235,1,,,0,100,,11234,1,,,0,100,,11233,1,,,0,100,,11232,1,,,0,100,,11231,1,,,0,100,,11230,1,,,0,100,,11229,1,,,0,100,,11228,1,,,0,100,,11227,1,,,0,100,,11226,1,,,0
600,'Sunday',848,,11241,1,,,0,106,,11242,1,,,0,100,,11243,1,,,0,100,,11244,1,,,0,100,,11245,1,,,0,100,,11246,1,,,0,102,,11247,1,,,0,100,,11248,1,,,0,100,,11249,1,,,0,100,,11250,1,,,0,100,,11251,1,,,0,100,,11252,1,,,0
600,'Weekday',555,,11253,1,,,0,70,,11254,1,,,0,30,,11255,1,,,0,70,,11256,1,,,0,25,,11257,1,,,0,75,,11258,1,,,0,30,,11259,1,,,0,70,,11260,1,,,0,30,,11261,1,,,0,70,,11262,1,,,0,30,,11263,1,,,0,70,,11264,1,,,0,30,,11265,1,,,0,70,,11266,1,,,0,30,,11267,1,,,0,70,,11268,1,,,0,30,,11269,1,,,0,65,,11270,1,,,0,33,,11271,1,,,0,73,,11272,1,,,0,79,,11276,1,,,0,33,,11277,1,,,0,66,,11278,1,,,0,26,,11279,1,,,0,70,,11280,1,,,0,30,,11281,1,,,0,70,,11282,1,,,0,100,,11273,1,,,0,100,,11274,1,,,0,100,,11275,1,,,0
601,'Saturday',736,,11297,33,4,,0,100,,11296,33,4,,0,100,,11295,33,4,,0,110,,11294,33,4,,0,100,,11293,33,4,,0,100,,11292,33,4,,0,100,,11291,33,4,,0,100,,11290,33,4,,0,100,,11289,33,4,,0,100,,11288,33,4,,0,100,,11287,33,4,,0,100,,11286,33,4,,0,100,,11285,33,4,,0,100,,11284,33,4,,0,100,,11283,33,4,,0
601,'Sunday',836,,11298,33,4,,0,100,,11299,33,4,,0,113,,11300,33,4,,0,100,,11301,33,4,,0,100,,11302,33,4,,0,100,,11303,33,4,,0,104,,11304,33,4,,0,100,,11305,33,4,,0,100,,11306,33,4,,0,100,,11307,33,4,,0,100,,11308,33,4,,0,100,,11309,33,4,,0
601,'Weekday',545,,11310,33,4,,0,101,,11311,33,4,,0,70,,11312,33,4,,0,32,,11313,33,4,,0,74,,11314,33,4,,0,30,,11315,33,4,,0,69,,11316,33,4,,0,30,,11317,33,4,,0,70,,11318,33,4,,0,30,,11319,33,4,,0,70,,11320,33,4,,0,31,,11321,33,4,,0,70,,11322,33,4,,0,30,,11323,33,4,,0,70,,11324,33,4,,0,30,,11325,33,4,,0,66,,11326,33,4,,0,34,,11327,33,4,,0,68,,11328,33,4,,0,38,,11329,33,4,,0,76,,11332,33,4,,0,76,,11333,33,4,,0,32,,11334,33,4,,0,62,,11335,33,4,,0,26,,11336,33,4,,0,22,,11337,33,4,,0,70,,11338,33,4,,0,28,,11339,33,4,,0,100,,11330,33,4,,0,100,,11331,33,4,,0,100,,11340,33,4,,0
1000,'Saturday',702,,11347,1,,,0,30,,11348,1,,,0,70,,11349,1,,,0,30,,11350,1,,,0,70,,11351,1,,,0,15,,11391,1,,,0,15,,11352,1,,,0,15,,11353,1,,,0,55,,11354,1,,,0,15,,11355,1,,,0,15,,11356,1,,,0,15,,11357,1,,,0,55,,11358,1,,,0,15,,11359,1,,,0,15,,11360,1,,,0,15,,11361,1,,,0,55,,11362,1,,,0,15,,11363,1,,,0,15,,11364,1,,,0,15,,11365,1,,,0,55,,11366,1,,,0,15,,11367,1,,,0,15,,11368,1,,,0,15,,11369,1,,,0,55,,11370,1,,,0,15,,11371,1,,,0,15,,11372,1,,,0,15,,11373,1,,,0,55,,11374,1,,,0,15,,11375,1,,,0,15,,11376,1,,,0,15,,11377,1,,,0,55,,11378,1,,,0,15,,11379,1,,,0,15,,11380,1,,,0,15,,11381,1,,,0,55,,11382,1,,,0,15,,11383,1,,,0,15,,11384,1,,,0,15,,11385,1,,,0,55,,11386,1,,,0,15,,11387,1,,,0,15,,11388,1,,,0,70,,11389,1,,,0,30,,11390,1,,,0,70,,11343,1,,,0,30,,11341,1,,,0,70,,11345,1,,,0,30,,11344,1,,,0,70,,11342,1,,,0,30,,11346,1,,,0
1000,'Sunday',806,,11434,1,,,0,30,,11428,1,,,0,70,,11433,1,,,0,26,,11425,1,,,0,70,,11427,1,,,0,30,,11405,1,,,0,15,,11393,1,,,0,55,,11396,1,,,0,15,,11415,1,,,0,15,,11413,1,,,0,15,,11406,1,,,0,55,,11412,1,,,0,15,,11397,1,,,0,15,,11416,1,,,0,15,,11404,1,,,0,55,,11407,1,,,0,15,,11422,1,,,0,15,,11398,1,,,0,15,,11417,1,,,0,55,,11411,1,,,0,15,,11408,1,,,0,15,,11402,1,,,0,15,,11399,1,,,0,55,,11418,1,,,0,15,,11395,1,,,0,15,,11409,1,,,0,15,,11421,1,,,0,55,,11400,1,,,0,15,,11419,1,,,0,15,,11414,1,,,0,15,,11410,1,,,0,55,,11394,1,,,0,15,,11401,1,,,0,15,,11420,1,,,0,15,,11403,1,,,0,55,,11392,1,,,0,30,,11423,1,,,0,70,,11429,1,,,0,30,,11424,1,,,0,70,,11430,1,,,0,30,,11426,1,,,0,70,,11431,1,,,0,30,,11432,1,,,0
1000,'Weekday',455,,11445,1,,,0,70,,11454,1,,,0,26,,11440,1,,,0,67,,11471,1,,,0,15,,11468,1,,,0,15,,11472,1,,,0,10,,11464,1,,,0,55,,11473,1,,,0,15,,11449,1,,,0,15,,11474,1,,,0,15,,11455,1,,,0,57,,11475,1,,,0,15,,11435,1,,,0,15,,11476,1,,,0,55,,11461,1,,,0,15,,11477,1,,,0,15,,11470,1,,,0,15,,11478,1,,,0,55,,11467,1,,,0,15,,11479,1,,,0,15,,11456,1,,,0,15,,11480,1,,,0,55,,11452,1,,,0,15,,11481,1,,,0,15,,11444,1,,,0,18,,11482,1,,,0,55,,11453,1,,,0,15,,11483,1,,,0,15,,11439,1,,,0,15,,11484,1,,,0,55,,11457,1,,,0,15,,11485,1,,,0,15,,11469,1,,,0,15,,11486,1,,,0,55,,11443,1,,,0,15,,11487,1,,,0,12,,11466,1,,,0,12,,11488,1,,,0,15,,11463,1,,,0,52,,11489,1,,,0,15,,11458,1,,,0,15,,11490,1,,,0,15,,11462,1,,,0,55,,11491,1,,,0,15,,11451,1,,,0,15,,11492,1,,,0,15,,11446,1,,,0,55,,11493,1,,,0,15,,11448,1,,,0,15,,11494,1,,,0,15,,11459,1,,,0,55,,11495,1,,,0,18,,11447,1,,,0,18,,11496,1,,,0,55,,11442,1,,,0,30,,11465,1,,,0,70,,11450,1,,,0,30,,11460,1,,,0,70,,11436,1,,,0,30,,11438,1,,,0,70,,11441,1,,,0,30,,11437,1,,,0
1001,'Saturday',752,,11539,63,4,,0,70,,11540,63,4,,0,30,,11541,63,4,,0,70,,11542,63,4,,0,32,,11543,63,4,,0,57,,11545,63,4,,0,15,,11544,63,4,,0,15,,11546,63,4,,0,15,,11530,63,4,,0,55,,11538,63,4,,0,15,,11515,63,4,,0,15,,11522,63,4,,0,15,,11503,63,4,,0,55,,11531,63,4,,0,15,,11512,63,4,,0,15,,11516,63,4,,0,15,,11523,63,4,,0,55,,11504,63,4,,0,15,,11532,63,4,,0,15,,11527,63,4,,0,15,,11517,63,4,,0,55,,11524,63,4,,0,15,,11505,63,4,,0,15,,11533,63,4,,0,15,,11526,63,4,,0,55,,11518,63,4,,0,15,,11511,63,4,,0,15,,11506,63,4,,0,15,,11534,63,4,,0,55,,11513,63,4,,0,15,,11519,63,4,,0,15,,11510,63,4,,0,15,,11507,63,4,,0,55,,11535,63,4,,0,15,,11528,63,4,,0,15,,11520,63,4,,0,15,,11525,63,4,,0,55,,11508,63,4,,0,15,,11536,63,4,,0,14,,11529,63,4,,0,15,,11521,63,4,,0,55,,11514,63,4,,0,15,,11509,63,4,,0,28,,11537,63,4,,0,68,,11497,63,4,,0,30,,11501,63,4,,0,70,,11499,63,4,,0,30,,11498,63,4,,0,70,,11502,63,4,,0,30,,11500,63,4,,0
1001,'Sunday',822,,11571,63,4,,0,30,,11588,63,4,,0,70,,11589,63,4,,0,32,,11587,63,4,,0,72,,11569,63,4,,0,30,,11574,63,4,,0,55,,11573,63,4,,0,15,,11575,63,4,,0,15,,11576,63,4,,0,15,,11577,63,4,,0,55,,11578,63,4,,0,15,,11579,63,4,,0,15,,11580,63,4,,0,15,,11581,63,4,,0,55,,11582,63,4,,0,15,,11583,63,4,,0,15,,11584,63,4,,0,15,,11585,63,4,,0,55,,11586,63,4,,0,15,,11572,63,4,,0,15,,11570,63,4,,0,15,,11564,63,4,,0,55,,11547,63,4,,0,15,,11557,63,4,,0,15,,11559,63,4,,0,15,,11562,63,4,,0,55,,11552,63,4,,0,15,,11566,63,4,,0,15,,11556,63,4,,0,15,,11560,63,4,,0,55,,11548,63,4,,0,15,,11553,63,4,,0,15,,11567,63,4,,0,15,,11555,63,4,,0,50,,11561,63,4,,0,19,,11554,63,4,,0,30,,11550,63,4,,0,70,,11565,63,4,,0,28,,11549,63,4,,0,68,,11558,63,4,,0,30,,11568,63,4,,0,70,,11551,63,4,,0,30,,11563,63,4,,0
1001,'Weekday',549,,11590,63,4,,0,65,,11591,63,4,,0,31,,11592,63,4,,0,58,,11625,63,4,,0,15,,11593,63,4,,0,15,,11626,63,4,,0,18,,11594,63,4,,0,55,,11627,63,4,,0,18,,11595,63,4,,0,15,,11628,63,4,,0,20,,11596,63,4,,0,54,,11629,63,4,,0,15,,11597,63,4,,0,14,,11630,63,4,,0,15,,11598,63,4,,0,55,,11631,63,4,,0,15,,11599,63,4,,0,15,,11632,63,4,,0,15,,11600,63,4,,0,55,,11633,63,4,,0,15,,11601,63,4,,0,17,,11634,63,4,,0,15,,11602,63,4,,0,55,,11635,63,4,,0,15,,11603,63,4,,0,15,,11636,63,4,,0,15,,11604,63,4,,0,55,,11637,63,4,,0,15,,11605,63,4,,0,15,,11638,63,4,,0,15,,11606,63,4,,0,55,,11639,63,4,,0,15,,11607,63,4,,0,18,,11640,63,4,,0,55,,11608,63,4,,0,15,,11641,63,4,,0,15,,11609,63,4,,0,16,,11642,63,4,,0,55,,11610,63,4,,0,12,,11643,63,4,,0,15,,11611,63,4,,0,15,,11644,63,4,,0,55,,11612,63,4,,0,15,,11645,63,4,,0,12,,11613,63,4,,0,15,,11646,63,4,,0,11,,11614,63,4,,0,55,,11647,63,4,,0,15,,11615,63,4,,0,15,,11648,63,4,,0,12,,11616,63,4,,0,55,,11649,63,4,,0,15,,11650,63,4,,0,15,,11617,63,4,,0,21,,11618,63,4,,0,70,,11619,63,4,,0,30,,11620,63,4,,0,70,,11621,63,4,,0,26,,11622,63,4,,0,70,,11623,63,4,,0,30,,11624,63,4,,0
1200,'Saturday',755,,11900,1,,,0,70,,11901,1,,,0,30,,11899,1,,,0,70,,11902,1,,,0,75,,11898,1,,,0,25,,11903,1,,,0,30,,11897,1,,,0,70,,11904,1,,,0,30,,11896,1,,,0,70,,11905,1,,,0,30,,11895,1,,,0,70,,11906,1,,,0,75,,11894,1,,,0,25,,11907,1,,,0,30,,11893,1,,,0,70,,11908,1,,,0,30,,11892,1,,,0,70,,11909,1,,,0,30,,11891,1,,,0,70,,11910,1,,,0,30,,11890,1,,,0,70,,11911,1,,,0,30,,11889,1,,,0,70,,11912,1,,,0,30,,11888,1,,,0,70,,11913,1,,,0,30,,11887,1,,,0,70,,11914,1,,,0,30,,11886,1,,,0
1200,'Sunday',825,,11925,1,,,0,30,,11924,1,,,0,70,,11926,1,,,0,75,,11923,1,,,0,25,,11927,1,,,0,30,,11922,1,,,0,70,,11928,1,,,0,30,,11921,1,,,0,70,,11929,1,,,0,30,,11920,1,,,0,70,,11930,1,,,0,75,,11919,1,,,0,25,,11931,1,,,0,30,,11918,1,,,0,70,,11932,1,,,0,30,,11917,1,,,0,70,,11933,1,,,0,30,,11916,1,,,0,70,,11934,1,,,0,75,,11915,1,,,0,30,,11935,1,,,0,70,,11936,1,,,0,30,,11937,1,,,0,70,,11938,1,,,0,30,,11939,1,,,0,70,,11940,1,,,0,30,,11941,1,,,0
1200,'Weekday',525,,11961,1,,,0,30,,11949,1,,,0,70,,11962,1,,,0,30,,11953,1,,,0,70,,11963,1,,,0,30,,11960,1,,,0,75,,11964,1,,,0,70,,11954,1,,,0,30,,11965,1,,,0,70,,11950,1,,,0,30,,11966,1,,,0,70,,11955,1,,,0,30,,11967,1,,,0,70,,11952,1,,,0,30,,11968,1,,,0,70,,11956,1,,,0,30,,11948,1,,,0,70,,11969,1,,,0,25,,11951,1,,,0,20,,11942,1,,,0,65,,11970,1,,,0,25,,11957,1,,,0,65,,11958,1,,,0,25,,11959,1,,,0,25,,11976,1,,,0,65,,11977,1,,,0,25,,11943,1,,,0,65,,11978,1,,,0,20,,11945,1,,,0,75,,11971,1,,,0,30,,11946,1,,,0,70,,11972,1,,,0,30,,11944,1,,,0,70,,11973,1,,,0,30,,11947,1,,,0,70,,11974,1,,,0,30,,11975,1,,,0
1201,'Saturday',748,,11993,32,4,,0,70,,11996,32,4,,0,30,,11992,32,4,,0,70,,11997,32,4,,0,30,,11991,32,4,,0,70,,11998,32,4,,0,35,,11990,32,4,,0,65,,11999,32,4,,0,30,,11989,32,4,,0,70,,12000,32,4,,0,30,,11988,32,4,,0,70,,12001,32,4,,0,30,,11987,32,4,,0,70,,12002,32,4,,0,35,,11986,32,4,,0,65,,12003,32,4,,0,30,,11985,32,4,,0,70,,12004,32,4,,0,30,,11984,32,4,,0,70,,12005,32,4,,0,30,,11983,32,4,,0,70,,12006,32,4,,0,30,,11982,32,4,,0,70,,12007,32,4,,0,30,,11981,32,4,,0,68,,11995,32,4,,0,30,,11980,32,4,,0,70,,11994,32,4,,0,30,,11979,32,4,,0,70,,12008,32,4,,0
1201,'Sunday',818,,12018,32,4,,0,100,,12019,32,4,,0,30,,12017,32,4,,0,70,,12020,32,4,,0,35,,12016,32,4,,0,65,,12021,32,4,,0,30,,12015,32,4,,0,70,,12022,32,4,,0,30,,12014,32,4,,0,70,,12023,32,4,,0,30,,12013,32,4,,0,70,,12024,32,4,,0,35,,12012,32,4,,0,65,,12025,32,4,,0,30,,12011,32,4,,0,70,,12026,32,4,,0,30,,12010,32,4,,0,70,,12027,32,4,,0,30,,12009,32,4,,0,70,,12028,32,4,,0,35,,12029,32,4,,0,70,,12030,32,4,,0,30,,12031,32,4,,0,68,,12032,32,4,,0,30,,12033,32,4,,0,70,,12034,32,4,,0,30,,12035,32,4,,0
1201,'Weekday',520,,12036,32,4,,0,96,,12037,32,4,,0,30,,12038,32,4,,0,71,,12039,32,4,,0,31,,12040,32,4,,0,73,,12041,32,4,,0,33,,12042,32,4,,0,71,,12043,32,4,,0,30,,12044,32,4,,0,71,,12045,32,4,,0,30,,12046,32,4,,0,71,,12047,32,4,,0,30,,12048,32,4,,0,70,,12049,32,4,,0,30,,12050,32,4,,0,70,,12051,32,4,,0,30,,12052,32,4,,0,70,,12053,32,4,,0,75,,12054,32,4,,0,25,,12055,32,4,,0,25,,12056,32,4,,0,66,,12057,32,4,,0,25,,12058,32,4,,0,65,,12059,32,4,,0,25,,12060,32,4,,0,25,,12070,32,4,,0,62,,12071,32,4,,0,25,,12061,32,4,,0,58,,12065,32,4,,0,21,,12062,32,4,,0,29,,12067,32,4,,0,70,,12063,32,4,,0,27,,12066,32,4,,0,70,,12064,32,4,,0,29,,12068,32,4,,0,70,,12069,32,4,,0
5000,'Saturday',2300,,12311,1,,,0,100,,12310,1,,,0,100,,12312,1,0,8 4 9 10,0
5000,'Weekday',2300,,12314,1,,,0,100,,12313,1,,,0,100,,12315,1,0,8 4 9 10,0
5001,'Saturday',2339,,12317,37,4,,0,100,,12316,37,4,,0
5001,'Weekday',2339,,12319,37,4,,0,100,,12318,37,4,,0
5100,'Saturday',2300,,12322,1,,,0,100,,12321,1,,,0,100,,12320,1,,,0
5100,'Weekday',2300,,12325,1,,,0,100,,12324,1,,,0,100,,12323,1,,,0
5101,'Saturday',2345,,12327,33,4,,0,95,,12326,33,4,,0
5101,'Weekday',2345,,12330,33,4,,0,95,,12329,33,4,,0
5200,'Saturday',2300,,12333,1,,,0,100,,12334,1,,,0,100,,12332,1,,,0
5200,'Weekday',2300,,12337,1,,,0,100,,12336,1,,,0,100,,12335,1,,,0
5201,'Saturday',2346,,12339,31,4,,0,98,,12338,31,4,,0
5201,'Weekday',2346,,12341,31,4,,0,98,,12340,31,4,,0
8000,'Weekday',553,,12363,1,,,0,70,,12359,1,,,0,30,,12364,1,,,0,70,,12360,1,,,0,32,,12365,1,,,0,70,,12361,1,,,0,31,,12366,1,,,0,70,,12362,1,,,0,74,,12367,1,,,0,30,,12344,1,,,0,70,,12350,1,,,0,30,,12345,1,,,0,25,,12351,1,,,0,70,,12346,1,,,0,30,,12352,1,,,0,70,,12347,1,,,0,30,,12353,1,,,0,70,,12348,1,,,0,30,,12354,1,,,0,70,,12349,1,,,0,31,,12357,1,,,0,63,,12358,1,,,0,27,,12356,1,,,0,74,,12355,1,,,0,29,,12369,1,,,0,71,,12342,1,,,0,34,,12343,1,,,0
8001,'Weekday',526,,12376,5,4,,0,30,,12382,24,4,,0,71,,12377,24,4,,0,30,,12383,24,4,,0,73,,12378,24,4,,0,70,,12384,24,4,,0,36,,12379,24,4,,0,70,,12385,24,4,,0,30,,12380,24,4,,0,70,,12386,24,4,,0,29,,12381,24,4,,0,70,,12387,24,4,,0,30,,12392,24,4,,0,70,,12388,24,4,,0,27,,12393,24,4,,0,70,,12389,24,4,,0,30,,12394,24,4,,0,70,,12390,24,4,,0,33,,12395,24,4,,0,70,,12391,24,4,,0,29,,12397,24,4,,0,69,,12371,24,4,,0,33,,12375,24,4,,0,23,,12372,24,4,,0,70,,12373,24,4,,0,30,,12396,24,4,,0,66,,12370,24,4,,0,30,,12374,24,4,,0
8100,'Weekday',536,,12404,1,,,0,70,,12409,1,,,0,31,,12405,1,,,0,70,,12410,1,,,0,30,,12406,1,,,0,73,,12411,1,,,0,32,,12407,1,,,0,73,,12412,1,,,0,30,,12408,1,,,0,70,,12415,1,,,0,30,,12416,1,,,0,70,,12417,1,,,0,25,,12418,1,,,0,70,,12419,1,,,0,30,,12420,1,,,0,70,,12421,1,,,0,30,,12422,1,,,0,67,,12423,1,,,0,30,,12424,1,,,0,70,,12413,1,,,0,29,,12414,1,,,0,66,,12398,1,,,0,29,,12402,1,,,0,71,,12400,1,,,0,34,,12399,1,,,0,72,,12403,1,,,0,30,,12401,1,,,0
8101,'Weekday',611,,12430,43,4,,0,30,,12435,43,4,,0,72,,12431,43,4,,0,32,,12436,43,4,,0,70,,12432,43,4,,0,37,,12437,43,4,,0,70,,12433,43,4,,0,27,,12438,43,4,,0,70,,12434,43,4,,0,30,,12441,43,4,,0,70,,12442,43,4,,0,30,,12443,43,4,,0,70,,12444,43,4,,0,26,,12445,43,4,,0,70,,12446,43,4,,0,30,,12447,43,4,,0,72,,12448,43,4,,0,30,,12449,43,4,,0,73,,12450,43,4,,0,30,,12439,43,4,,0,75,,12451,43,4,,0,30,,12440,43,4,,0,70,,12428,43,4,,0,27,,12426,43,4,,0,65,,12427,43,4,,0,30,,12452,43,4,,0,68,,12429,43,4,,0
8700,'Weekday',611,,12453,20,4,,0,45,,12454,20,4,,0,85,,12455,20,4,,0,86,,12456,20,4,,0,85,,12457,20,4,,0,601,,12458,20,4,,0,45,,12459,20,4,,0,85,,12460,20,4,,0,85,,12461,20,4,,0,85,,12462,20,4,,0,43,,12463,20,4,,0
8701,'Weekday',530,,12464,1,,,0,85,,12465,1,,,0,85,,12466,1,,,0,45,,12467,1,,,0,85,,12468,1,,,0,600,,12469,1,,,0,85,,12470,1,,,0,85,,12471,1,,,0,45,,12472,1,,,0,85,,12473,1,,,0,85,,12474,1,,,0
