200,'Saturday',645,,10605,40,4,,0,100,,10606,40,4,,0,100,,10607,40,4,,0,102,,10608,40,4,,0,70,,10621,40,4,,0,20,,10609,40,4,,0,20,,10635,40,4,,0,60,,10622,40,4,,0,20,,10610,40,4,,0,20,,10636,40,4,,0,60,,10623,40,4,,0,20,,10611,40,4,,0,20,,10637,40,4,,0,65,,10624,40,4,,0,20,,10612,40,4,,0,60,,10638,40,4,,0,20,,10625,40,4,,0,20,,10613,40,4,,0,60,,10639,40,4,,0,20,,10626,40,4,,0,25,,10614,40,4,,0,60,,10640,40,4,,0,20,,10627,40,4,,0,20,,10615,40,4,,0,60,,10641,40,4,,0,20,,10628,40,4,,0,20,,10616,40,4,,0,70,,10629,40,4,,0,30,,10617,40,4,,0,70,,10630,40,4,,0,28,,10618,40,4,,0,70,,10631,40,4,,0,30,,10619,40,4,,0,70,,10632,40,4,,0,30,,10620,40,4,,0,70,,10633,40,4,,0
200,'Sunday',815,,10642,40,4,,0,100,,10643,40,4,,0,102,,10644,40,4,,0,20,,10655,40,4,,0,20,,10668,40,4,,0,60,,10645,40,4,,0,20,,10656,40,4,,0,20,,10669,40,4,,0,60,,10646,40,4,,0,20,,10657,40,4,,0,20,,10670,40,4,,0,65,,10647,40,4,,0,20,,10658,40,4,,0,60,,10671,40,4,,0,20,,10648,40,4,,0,20,,10659,40,4,,0,60,,10672,40,4,,0,20,,10649,40,4,,0,25,,10660,40,4,,0,60,,10673,40,4,,0,20,,10650,40,4,,0,20,,10661,40,4,,0,60,,10674,40,4,,0,20,,10651,40,4,,0,20,,10662,40,4,,0,70,,10652,40,4,,0,30,,10663,40,4,,0,70,,10653,40,4,,0,28,,10664,40,4,,0,70,,10654,40,4,,0,30,,10665,40,4,,0,70,,10666,40,4,,0,30,,10667,40,4,,0
200,'Weekday',511,,10675,40,4,,0,27,,10677,40,4,,0,70,,10679,40,4,,0,32,,10708,40,4,,0,15,,10681,40,4,,0,55,,10682,40,4,,0,15,,10709,40,4,,0,15,,10683,40,4,,0,15,,10684,40,4,,0,55,,10685,40,4,,0,15,,10686,40,4,,0,15,,10687,40,4,,0,15,,10710,40,4,,0,56,,10688,40,4,,0,15,,10711,40,4,,0,15,,10689,40,4,,0,15,,10690,40,4,,0,55,,10712,40,4,,0,15,,10713,40,4,,0,15,,10714,40,4,,0,15,,10691,40,4,,0,55,,10715,40,4,,0,15,,10716,40,4,,0,15,,10692,40,4,,0,15,,10717,40,4,,0,55,,10693,40,4,,0,15,,10694,40,4,,0,15,,10718,40,4,,0,15,,10719,40,4,,0,55,,10695,40,4,,0,15,,10696,40,4,,0,17,,10720,40,4,,0,16,,10721,40,4,,0,58,,10697,40,4,,0,15,,10722,40,4,,0,17,,10723,40,4,,0,55,,10698,40,4,,0,15,,10724,40,4,,0,15,,10725,40,4,,0,15,,10726,40,4,,0,55,,10699,40,4,,0,15,,10700,40,4,,0,15,,10701,40,4,,0,15,,10727,40,4,,0,55,,10728,40,4,,0,15,,10729,40,4,,0,15,,10730,40,4,,0,15,,10702,40,4,,0,55,,10731,40,4,,0,13,,10703,40,4,,0,15,,10732,40,4,,0,12,,10704,40,4,,0,15,,10733,40,4,,0,62,,10734,40,4,,0,30,,10735,40,4,,0,70,,10707,40,4,,0,30,,10705,40,4,,0,70,,10676,40,4,,0,30,,10706,40,4,,0,70,,10678,40,4,,0,29,,10680,40,4,,0
201,'Saturday',632,,10737,1,,,0,100,,10738,1,,,0,100,,10739,1,,,0,70,,10767,1,,,0,30,,10740,1,,,0,70,,10754,1,,,0,20,,10741,1,,,0,20,,10768,1,,,0,60,,10755,1,,,0,20,,10742,1,,,0,20,,10769,1,,,0,65,,10756,1,,,0,20,,10743,1,,,0,20,,10770,1,,,0,60,,10757,1,,,0,20,,10744,1,,,0,20,,10771,1,,,0,60,,10758,1,,,0,20,,10745,1,,,0,25,,10772,1,,,0,60,,10759,1,,,0,20,,10746,1,,,0,20,,10773,1,,,0,60,,10760,1,,,0,20,,10747,1,,,0,20,,10774,1,,,0,60,,10761,1,,,0,20,,10748,1,,,0,70,,10762,1,,,0,30,,10749,1,,,0,70,,10763,1,,,0,30,,10750,1,,,0,70,,10764,1,,,0,30,,10751,1,,,0,70,,10765,1,,,0,30,,10752,1,,,0,70,,10766,1,,,0,30,,10753,1,,,0
201,'Sunday',732,,10775,1,,,0,100,,10776,1,,,0,70,,10799,1,,,0,30,,10777,1,,,0,70,,10788,1,,,0,20,,10778,1,,,0,20,,10808,1,,,0,60,,10789,1,,,0,20,,10779,1,,,0,20,,10809,1,,,0,65,,10790,1,,,0,20,,10780,1,,,0,20,,10807,1,,,0,60,,10791,1,,,0,20,,10781,1,,,0,20,,10805,1,,,0,60,,10792,1,,,0,20,,10782,1,,,0,25,,10803,1,,,0,60,,10793,1,,,0,20,,10783,1,,,0,20,,10804,1,,,0,60,,10794,1,,,0,20,,10784,1,,,0,20,,10806,1,,,0,60,,10795,1,,,0,20,,10785,1,,,0,70,,10796,1,,,0,30,,10786,1,,,0,70,,10797,1,,,0,30,,10787,1,,,0,70,,10798,1,,,0,30,,10800,1,,,0,70,,10801,1,,,0,30,,10802,1,,,0
201,'Weekday',500,,10834,1,,,0,27,,10835,1,,,0,30,,10836,1,,,0,54,,10837,1,,,0,15,,10811,1,,,0,15,,10838,1,,,0,15,,10839,1,,,0,57,,10812,1,,,0,14,,10840,1,,,0,16,,10813,1,,,0,14,,10814,1,,,0,55,,10841,1,,,0,15,,10842,1,,,0,15,,10843,1,,,0,15,,10815,1,,,0,55,,10844,1,,,0,16,,10816,1,,,0,15,,10845,1,,,0,15,,10846,1,,,0,55,,10847,1,,,0,15,,10848,1,,,0,15,,10817,1,,,0,15,,10849,1,,,0,55,,10850,1,,,0,15,,10818,1,,,0,15,,10851,1,,,0,15,,10852,1,,,0,55,,10819,1,,,0,15,,10853,1,,,0,15,,10820,1,,,0,15,,10854,1,,,0,55,,10821,1,,,0,15,,10822,1,,,0,20,,10855,1,,,0,55,,10856,1,,,0,15,,10823,1,,,0,15,,10857,1,,,0,15,,10858,1,,,0,55,,10859,1,,,0,15,,10860,1,,,0,15,,10824,1,,,0,15,,10861,1,,,0,55,,10825,1,,,0,15,,10862,1,,,0,14,,10826,1,,,0,15,,10863,1,,,0,55,,10864,1,,,0,15,,10865,1,,,0,15,,10866,1,,,0,15,,10867,1,,,0,55,,10827,1,,,0,17,,10868,1,,,0,13,,10828,1,,,0,70,,10830,1,,,0,34,,10832,1,,,0,70,,10869,1,,,0,30,,10831,1,,,0,70,,10829,1,,,0,30,,10833,1,,,0,70,,10870,1,,,0,30,,10810,1,,,0
300,'Saturday',728,,10871,38,4,,0,100,,10872,38,4,,0,100,,10873,38,4,,0,30,,10887,38,4,,0,73,,10874,38,4,,0,70,,10888,38,4,,0,20,,10875,38,4,,0,20,,10900,38,4,,0,60,,10889,38,4,,0,20,,10876,38,4,,0,20,,10901,38,4,,0,65,,10890,38,4,,0,20,,10877,38,4,,0,20,,10902,38,4,,0,60,,10891,38,4,,0,20,,10878,38,4,,0,20,,10903,38,4,,0,60,,10892,38,4,,0,20,,10879,38,4,,0,25,,10904,38,4,,0,60,,10893,38,4,,0,20,,10880,38,4,,0,20,,10905,38,4,,0,60,,10894,38,4,,0,20,,10881,38,4,,0,70,,10895,38,4,,0,27,,10882,38,4,,0,30,,10896,38,4,,0,70,,10883,38,4,,0,30,,10897,38,4,,0,70,,10884,38,4,,0,30,,10898,38,4,,0,69,,10885,38,4,,0,30,,10899,38,4,,0,70,,10886,38,4,,0
300,'Sunday',828,,10906,38,4,,0,100,,10907,38,4,,0,30,,10919,38,4,,0,73,,10908,38,4,,0,70,,10920,38,4,,0,20,,10909,38,4,,0,20,,10932,38,4,,0,60,,10921,38,4,,0,20,,10910,38,4,,0,20,,10933,38,4,,0,65,,10922,38,4,,0,20,,10911,38,4,,0,20,,10934,38,4,,0,60,,10923,38,4,,0,20,,10912,38,4,,0,20,,10937,38,4,,0,60,,10924,38,4,,0,20,,10913,38,4,,0,25,,10935,38,4,,0,60,,10925,38,4,,0,20,,10914,38,4,,0,20,,10936,38,4,,0,60,,10926,38,4,,0,20,,10915,38,4,,0,70,,10927,38,4,,0,27,,10916,38,4,,0,30,,10928,38,4,,0,70,,10917,38,4,,0,30,,10929,38,4,,0,70,,10918,38,4,,0,30,,10930,38,4,,0,69,,10931,38,4,,0
300,'Weekday',556,,10938,38,4,,0,68,,10980,38,4,,0,15,,10981,38,4,,0,15,,10940,38,4,,0,55,,10941,38,4,,0,15,,10942,38,4,,0,17,,10982,38,4,,0,15,,10983,38,4,,0,51,,10943,38,4,,0,12,,10944,38,4,,0,17,,10945,38,4,,0,15,,10946,38,4,,0,55,,10947,38,4,,0,15,,10984,38,4,,0,14,,10948,38,4,,0,15,,10985,38,4,,0,55,,10949,38,4,,0,15,,10950,38,4,,0,16,,10999,38,4,,0,16,,10951,38,4,,0,55,,10952,38,4,,0,15,,10986,38,4,,0,15,,10953,38,4,,0,15,,10954,38,4,,0,55,,10955,38,4,,0,15,,10987,38,4,,0,15,,10956,38,4,,0,15,,10988,38,4,,0,56,,10957,38,4,,0,14,,10958,38,4,,0,16,,10989,38,4,,0,17,,10990,38,4,,0,55,,10991,38,4,,0,15,,10992,38,4,,0,17,,10993,38,4,,0,15,,10959,38,4,,0,55,,10960,38,4,,0,15,,10961,38,4,,0,18,,10962,38,4,,0,55,,10963,38,4,,0,16,,10994,38,4,,0,14,,10964,38,4,,0,15,,10995,38,4,,0,55,,10996,38,4,,0,15,,10965,38,4,,0,15,,10966,38,4,,0,15,,10967,38,4,,0,55,,10997,38,4,,0,13,,10998,38,4,,0,15,,10975,38,4,,0,9,,10974,38,4,,0,15,,10968,38,4,,0,55,,10978,38,4,,0,15,,10973,38,4,,0,13,,10969,38,4,,0,70,,10970,38,4,,0,29,,10979,38,4,,0,70,,10972,38,4,,0,30,,10977,38,4,,0,70,,10976,38,4,,0,28,,10971,38,4,,0,70,,10939,38,4,,0
301,'Saturday',549,,11016,1,,,0,100,,11000,1,,,0,100,,11001,1,,,0,100,,11002,1,,,0,70,,11030,1,,,0,30,,11017,1,,,0,70,,11003,1,,,0,20,,11018,1,,,0,20,,11032,1,,,0,60,,11004,1,,,0,20,,11019,1,,,0,20,,11033,1,,,0,65,,11005,1,,,0,20,,11020,1,,,0,60,,11034,1,,,0,20,,11006,1,,,0,20,,11021,1,,,0,60,,11035,1,,,0,20,,11007,1,,,0,25,,11022,1,,,0,60,,11036,1,,,0,20,,11008,1,,,0,20,,11023,1,,,0,60,,11031,1,,,0,20,,11009,1,,,0,20,,11024,1,,,0,70,,11010,1,,,0,30,,11025,1,,,0,70,,11011,1,,,0,30,,11026,1,,,0,70,,11012,1,,,0,30,,11027,1,,,0,70,,11013,1,,,0,30,,11028,1,,,0,70,,11014,1,,,0,30,,11029,1,,,0,70,,11015,1,,,0
301,'Sunday',719,,11037,1,,,0,100,,11038,1,,,0,100,,11039,1,,,0,20,,11050,1,,,0,20,,11064,1,,,0,60,,11040,1,,,0,20,,11051,1,,,0,20,,11065,1,,,0,60,,11041,1,,,0,20,,11052,1,,,0,20,,11066,1,,,0,65,,11042,1,,,0,20,,11053,1,,,0,60,,11067,1,,,0,20,,11043,1,,,0,20,,11054,1,,,0,60,,11068,1,,,0,20,,11044,1,,,0,25,,11055,1,,,0,60,,11069,1,,,0,20,,11045,1,,,0,20,,11056,1,,,0,60,,11070,1,,,0,20,,11046,1,,,0,20,,11057,1,,,0,70,,11047,1,,,0,30,,11058,1,,,0,70,,11048,1,,,0,30,,11059,1,,,0,70,,11049,1,,,0,30,,11060,1,,,0,70,,11061,1,,,0,30,,11062,1,,,0,70,,11063,1,,,0
301,'Weekday',444,,11123,1,,,0,68,,11103,1,,,0,30,,11072,1,,,0,70,,11074,1,,,0,15,,11121,1,,,0,15,,11132,1,,,0,15,,11102,1,,,0,55,,11075,1,,,0,15,,11120,1,,,0,15,,11129,1,,,0,15,,11076,1,,,0,52,,11126,1,,,0,15,,11124,1,,,0,15,,11077,1,,,0,15,,11127,1,,,0,55,,11131,1,,,0,15,,11125,1,,,0,15,,11078,1,,,0,15,,11079,1,,,0,55,,11101,1,,,0,15,,11100,1,,,0,15,,11080,1,,,0,15,,11130,1,,,0,55,,11117,1,,,0,15,,11081,1,,,0,15,,11082,1,,,0,15,,11112,1,,,0,55,,11083,1,,,0,15,,11116,1,,,0,15,,11084,1,,,0,15,,11085,1,,,0,56,,11110,1,,,0,15,,11086,1,,,0,15,,11087,1,,,0,12,,11109,1,,,0,55,,11088,1,,,0,15,,11089,1,,,0,15,,11090,1,,,0,15,,11128,1,,,0,55,,11114,1,,,0,15,,11122,1,,,0,15,,11111,1,,,0,15,,11091,1,,,0,55,,11107,1,,,0,15,,11092,1,,,0,15,,11093,1,,,0,15,,11106,1,,,0,55,,11094,1,,,0,15,,11115,1,,,0,15,,11095,1,,,0,15,,11105,1,,,0,65,,11096,1,,,0,17,,11119,1,,,0,13,,11097,1,,,0,55,,11098,1,,,0,21,,11099,1,,,0,30,,11118,1,,,0,70,,11133,1,,,0,30,,11108,1,,,0,70,,11104,1,,,0,30,,11113,1,,,0,70,,11073,1,,,0,30,,11071,1,,,0
600,'Saturday',815,,11240,41,4,,0,100,,11239,41,4,,0,106,,11238,41,4,,0,100,,11237,41,4,,0,100,,11236,41,4,,0,100,,11235,41,4,,0,100,,11234,41,4,,0,100,,11233,41,4,,0,100,,11232,41,4,,0,100,,11231,41,4,,0,100,,11230,41,4,,0,100,,11229,41,4,,0,100,,11228,41,4,,0,100,,11227,41,4,,0,100,,11226,41,4,,0
600,'Sunday',915,,11241,41,4,,0,106,,11242,41,4,,0,100,,11243,41,4,,0,100,,11244,41,4,,0,100,,11245,41,4,,0,100,,11246,41,4,,0,102,,11247,41,4,,0,100,,11248,41,4,,0,100,,11249,41,4,,0,100,,11250,41,4,,0,100,,11251,41,4,,0,100,,11252,41,4,,0
600,'Weekday',623,,11253,41,4,,0,31,,11254,41,4,,0,70,,11255,41,4,,0,32,,11256,41,4,,0,70,,11257,41,4,,0,31,,11258,41,4,,0,70,,11259,41,4,,0,28,,11260,41,4,,0,70,,11261,41,4,,0,30,,11262,41,4,,0,70,,11263,41,4,,0,30,,11264,41,4,,0,70,,11265,41,4,,0,30,,11266,41,4,,0,70,,11267,41,4,,0,30,,11268,41,4,,0,70,,11269,41,4,,0,29,,11270,41,4,,0,73,,11271,41,4,,0,74,,11272,41,4,,0,39,,11276,41,4,,0,73,,11277,41,4,,0,26,,11278,41,4,,0,66,,11279,41,4,,0,26,,11280,41,4,,0,69,,11281,41,4,,0,29,,11282,41,4,,0,99,,11273,41,4,,0,100,,11274,41,4,,0,100,,11275,41,4,,0
601,'Saturday',716,,11297,1,,,0,100,,11296,1,,,0,100,,11295,1,,,0,110,,11294,1,,,0,100,,11293,1,,,0,100,,11292,1,,,0,100,,11291,1,,,0,100,,11290,1,,,0,100,,11289,1,,,0,100,,11288,1,,,0,100,,11287,1,,,0,100,,11286,1,,,0,100,,11285,1,,,0,100,,11284,1,,,0,100,,11283,1,,,0
601,'Sunday',816,,11298,1,,,0,100,,11299,1,,,0,113,,11300,1,,,0,100,,11301,1,,,0,100,,11302,1,,,0,100,,11303,1,,,0,104,,11304,1,,,0,100,,11305,1,,,0,100,,11306,1,,,0,100,,11307,1,,,0,100,,11308,1,,,0,100,,11309,1,,,0
601,'Weekday',525,,11310,1,,,0,100,,11311,1,,,0,30,,11312,1,,,0,70,,11313,1,,,0,75,,11314,1,,,0,30,,11315,1,,,0,70,,11316,1,,,0,30,,11317,1,,,0,70,,11318,1,,,0,30,,11319,1,,,0,70,,11320,1,,,0,30,,11321,1,,,0,70,,11322,1,,,0,30,,11323,1,,,0,70,,11324,1,,,0,30,,11325,1,,,0,26,,11326,1,,,0,70,,11327,1,,,0,30,,11328,1,,,0,74,,11329,1,,,0,76,,11332,1,,,0,36,,11333,1,,,0,72,,11334,1,,,0,26,,11335,1,,,0,66,,11336,1,,,0,26,,11337,1,,,0,70,,11338,1,,,0,28,,11339,1,,,0,100,,11330,1,,,0,100,,11331,1,,,0,100,,11340,1,,,0
1100,'Saturday',811,,11651,31,4,,0,30,,11666,31,4,,0,70,,11652,31,4,,0,30,,11667,31,4,,0,70,,11653,31,4,,0,30,,11668,31,4,,0,70,,11654,31,4,,0,30,,11669,31,4,,0,70,,11655,31,4,,0,30,,11670,31,4,,0,70,,11656,31,4,,0,30,,11671,31,4,,0,70,,11657,31,4,,0,30,,11672,31,4,,0,70,,11658,31,4,,0,30,,11673,31,4,,0,70,,11659,31,4,,0,30,,11674,31,4,,0,70,,11660,31,4,,0,30,,11675,31,4,,0,70,,11661,31,4,,0,30,,11676,31,4,,0,70,,11662,31,4,,0,30,,11677,31,4,,0,70,,11663,31,4,,0,30,,11678,31,4,,0,70,,11664,31,4,,0,30,,11679,31,4,,0,70,,11665,31,4,,0
1100,'Sunday',811,,11706,31,4,,0,30,,11707,31,4,,0,70,,11690,31,4,,0,30,,11691,31,4,,0,70,,11689,31,4,,0,30,,11692,31,4,,0,70,,11688,31,4,,0,30,,11693,31,4,,0,70,,11687,31,4,,0,30,,11694,31,4,,0,70,,11686,31,4,,0,30,,11695,31,4,,0,70,,11685,31,4,,0,30,,11696,31,4,,0,70,,11684,31,4,,0,30,,11697,31,4,,0,70,,11683,31,4,,0,30,,11698,31,4,,0,70,,11682,31,4,,0,30,,11699,31,4,,0,70,,11681,31,4,,0,30,,11700,31,4,,0,70,,11680,31,4,,0,30,,11701,31,4,,0,70,,11702,31,4,,0,30,,11703,31,4,,0,70,,11704,31,4,,0,30,,11705,31,4,,0
1100,'Weekday',544,,11708,31,4,,0,60,,11709,31,4,,0,20,,11710,31,4,,0,13,,11762,31,4,,0,15,,11711,31,4,,0,55,,11763,31,4,,0,15,,11712,31,4,,0,18,,11713,31,4,,0,15,,11714,31,4,,0,55,,11715,31,4,,0,20,,11716,31,4,,0,15,,11717,31,4,,0,55,,11718,31,4,,0,15,,11719,31,4,,0,15,,11751,31,4,,0,15,,11720,31,4,,0,55,,11752,31,4,,0,15,,11721,31,4,,0,15,,11753,31,4,,0,15,,11722,31,4,,0,55,,11754,31,4,,0,15,,11723,31,4,,0,15,,11755,31,4,,0,15,,11724,31,4,,0,55,,11756,31,4,,0,15,,11725,31,4,,0,15,,11757,31,4,,0,15,,11726,31,4,,0,55,,11758,31,4,,0,15,,11727,31,4,,0,15,,11759,31,4,,0,15,,11728,31,4,,0,55,,11760,31,4,,0,15,,11729,31,4,,0,18,,11761,31,4,,0,15,,11730,31,4,,0,55,,11731,31,4,,0,16,,11732,31,4,,0,15,,11764,31,4,,0,15,,11733,31,4,,0,55,,11734,31,4,,0,15,,11735,31,4,,0,19,,11736,31,4,,0,18,,11766,31,4,,0,55,,11737,31,4,,0,15,,11738,31,4,,0,18,,11739,31,4,,0,12,,11740,31,4,,0,54,,11765,31,4,,0,12,,11767,31,4,,0,18,,11741,31,4,,0,12,,11742,31,4,,0,56,,11768,31,4,,0,12,,11743,31,4,,0,26,,11744,31,4,,0,70,,11745,31,4,,0,28,,11746,31,4,,0,70,,11747,31,4,,0,30,,11748,31,4,,0,70,,11749,31,4,,0,30,,11750,31,4,,0
1101,'Saturday',708,,11783,1,,,0,30,,11784,1,,,0,70,,11769,1,,,0,30,,11785,1,,,0,70,,11770,1,,,0,30,,11786,1,,,0,70,,11771,1,,,0,30,,11787,1,,,0,70,,11772,1,,,0,30,,11788,1,,,0,70,,11773,1,,,0,30,,11789,1,,,0,70,,11774,1,,,0,30,,11790,1,,,0,70,,11775,1,,,0,30,,11791,1,,,0,70,,11776,1,,,0,30,,11792,1,,,0,70,,11777,1,,,0,30,,11793,1,,,0,70,,11778,1,,,0,30,,11794,1,,,0,70,,11779,1,,,0,30,,11795,1,,,0,70,,11780,1,,,0,32,,11796,1,,,0,70,,11781,1,,,0,30,,11797,1,,,0,70,,11782,1,,,0,30,,11798,1,,,0
1101,'Sunday',808,,11811,1,,,0,30,,11810,1,,,0,70,,11809,1,,,0,30,,11812,1,,,0,70,,11808,1,,,0,30,,11813,1,,,0,70,,11807,1,,,0,30,,11814,1,,,0,70,,11815,1,,,0,30,,11806,1,,,0,70,,11816,1,,,0,30,,11805,1,,,0,70,,11804,1,,,0,30,,11817,1,,,0,70,,11803,1,,,0,30,,11818,1,,,0,70,,11819,1,,,0,30,,11802,1,,,0,70,,11820,1,,,0,30,,11801,1,,,0,70,,11821,1,,,0,30,,11800,1,,,0,70,,11799,1,,,0,32,,11822,1,,,0,70,,11823,1,,,0,30,,11824,1,,,0,70,,11825,1,,,0
1101,'Weekday',504,,11826,1,,,0,28,,11827,1,,,0,14,,11885,1,,,0,12,,11828,1,,,0,53,,11880,1,,,0,15,,11829,1,,,0,15,,11881,1,,,0,15,,11830,1,,,0,54,,11831,1,,,0,15,,11832,1,,,0,15,,11833,1,,,0,15,,11834,1,,,0,55,,11835,1,,,0,15,,11836,1,,,0,20,,11837,1,,,0,12,,11871,1,,,0,58,,11838,1,,,0,15,,11872,1,,,0,15,,11839,1,,,0,55,,11873,1,,,0,15,,11840,1,,,0,15,,11874,1,,,0,15,,11841,1,,,0,55,,11875,1,,,0,15,,11842,1,,,0,15,,11876,1,,,0,15,,11843,1,,,0,55,,11877,1,,,0,15,,11844,1,,,0,15,,11878,1,,,0,15,,11845,1,,,0,55,,11879,1,,,0,15,,11846,1,,,0,15,,11869,1,,,0,15,,11847,1,,,0,55,,11870,1,,,0,15,,11848,1,,,0,20,,11849,1,,,0,20,,11850,1,,,0,55,,11851,1,,,0,15,,11852,1,,,0,15,,11882,1,,,0,15,,11853,1,,,0,55,,11854,1,,,0,15,,11855,1,,,0,20,,11856,1,,,0,55,,11883,1,,,0,15,,11857,1,,,0,15,,11858,1,,,0,15,,11859,1,,,0,55,,11884,1,,,0,15,,11860,1,,,0,30,,11861,1,,,0,70,,11862,1,,,0,30,,11863,1,,,0,70,,11864,1,,,0,30,,11865,1,,,0,70,,11866,1,,,0,30,,11867,1,,,0,70,,11868,1,,,0
2500,'Saturday',735,,12085,31,4,,0,70,,12084,31,4,,0,30,,12086,31,4,,0,70,,12083,31,4,,0,30,,12087,31,4,,0,70,,12082,31,4,,0,30,,12088,31,4,,0,70,,12081,31,4,,0,30,,12089,31,4,,0,70,,12080,31,4,,0,30,,12090,31,4,,0,70,,12079,31,4,,0,30,,12091,31,4,,0,70,,12078,31,4,,0,30,,12092,31,4,,0,70,,12077,31,4,,0,30,,12093,31,4,,0,70,,12076,31,4,,0,30,,12094,31,4,,0,70,,12075,31,4,,0,30,,12095,31,4,,0,70,,12074,31,4,,0,32,,12096,31,4,,0,70,,12073,31,4,,0,30,,12097,31,4,,0,70,,12072,31,4,,0,30,,12098,31,4,,0,70,,12100,31,4,,0,30,,12099,31,4,,0,70,,12101,31,4,,0
2500,'Sunday',805,,12102,31,4,,0,30,,12114,31,4,,0,70,,12103,31,4,,0,30,,12115,31,4,,0,70,,12104,31,4,,0,30,,12116,31,4,,0,70,,12105,31,4,,0,30,,12117,31,4,,0,70,,12106,31,4,,0,30,,12118,31,4,,0,70,,12107,31,4,,0,30,,12119,31,4,,0,70,,12108,31,4,,0,30,,12120,31,4,,0,70,,12109,31,4,,0,30,,12121,31,4,,0,70,,12110,31,4,,0,30,,12122,31,4,,0,70,,12111,31,4,,0,30,,12123,31,4,,0,70,,12112,31,4,,0,32,,12124,31,4,,0,70,,12113,31,4,,0,30,,12125,31,4,,0,70,,12126,31,4,,0,30,,12127,31,4,,0,70,,12128,31,4,,0,30,,12129,31,4,,0
2500,'Weekday',527,,12130,31,4,,0,28,,12131,31,4,,0,67,,12132,31,4,,0,28,,12133,31,4,,0,68,,12134,31,4,,0,15,,12135,31,4,,0,17,,12136,31,4,,0,56,,12137,31,4,,0,15,,12138,31,4,,0,21,,12139,31,4,,0,14,,12140,31,4,,0,57,,12141,31,4,,0,14,,12183,31,4,,0,15,,12142,31,4,,0,15,,12184,31,4,,0,55,,12143,31,4,,0,14,,12185,31,4,,0,15,,12144,31,4,,0,15,,12186,31,4,,0,55,,12145,31,4,,0,16,,12187,31,4,,0,15,,12146,31,4,,0,15,,12188,31,4,,0,55,,12147,31,4,,0,15,,12182,31,4,,0,15,,12148,31,4,,0,14,,12181,31,4,,0,55,,12149,31,4,,0,15,,12180,31,4,,0,15,,12150,31,4,,0,15,,12178,31,4,,0,55,,12151,31,4,,0,18,,12179,31,4,,0,15,,12152,31,4,,0,15,,12153,31,4,,0,56,,12154,31,4,,0,16,,12155,31,4,,0,15,,12156,31,4,,0,55,,12157,31,4,,0,15,,12158,31,4,,0,15,,12159,31,4,,0,15,,12160,31,4,,0,55,,12161,31,4,,0,15,,12162,31,4,,0,16,,12163,31,4,,0,15,,12164,31,4,,0,12,,12165,31,4,,0,55,,12166,31,4,,0,33,,12167,31,4,,0,65,,12168,31,4,,0,29,,12169,31,4,,0,68,,12170,31,4,,0,30,,12171,31,4,,0,70,,12172,31,4,,0,30,,12173,31,4,,0,70,,12174,31,4,,0,30,,12175,31,4,,0,70,,12176,31,4,,0,30,,12177,31,4,,0
2501,'Saturday',713,,12201,1,,,0,30,,12202,1,,,0,70,,12200,1,,,0,30,,12203,1,,,0,70,,12199,1,,,0,30,,12204,1,,,0,70,,12198,1,,,0,30,,12205,1,,,0,70,,12197,1,,,0,30,,12206,1,,,0,70,,12196,1,,,0,30,,12207,1,,,0,70,,12195,1,,,0,30,,12208,1,,,0,70,,12194,1,,,0,30,,12209,1,,,0,70,,12193,1,,,0,30,,12210,1,,,0,70,,12192,1,,,0,30,,12211,1,,,0,70,,12191,1,,,0,30,,12212,1,,,0,70,,12190,1,,,0,30,,12213,1,,,0,70,,12189,1,,,0,30,,12214,1,,,0,70,,12216,1,,,0,30,,12215,1,,,0,70,,12217,1,,,0,30,,12218,1,,,0
2501,'Sunday',743,,12230,1,,,0,70,,12219,1,,,0,30,,12231,1,,,0,70,,12220,1,,,0,30,,12232,1,,,0,70,,12221,1,,,0,30,,12233,1,,,0,70,,12222,1,,,0,30,,12234,1,,,0,70,,12223,1,,,0,30,,12235,1,,,0,70,,12224,1,,,0,30,,12236,1,,,0,70,,12225,1,,,0,30,,12237,1,,,0,70,,12226,1,,,0,30,,12238,1,,,0,70,,12227,1,,,0,30,,12239,1,,,0,70,,12228,1,,,0,30,,12240,1,,,0,70,,12229,1,,,0,30,,12241,1,,,0,70,,12242,1,,,0,30,,12243,1,,,0,70,,12244,1,,,0,30,,12245,1,,,0,70,,12246,1,,,0
2501,'Weekday',508,,12247,1,,,0,28,,12248,1,,,0,70,,12249,1,,,0,25,,12250,1,,,0,70,,12251,1,,,0,16,,12252,1,,,0,15,,12253,1,,,0,15,,12254,1,,,0,55,,12255,1,,,0,15,,12256,1,,,0,15,,12257,1,,,0,15,,12258,1,,,0,55,,12295,1,,,0,15,,12259,1,,,0,15,,12296,1,,,0,15,,12260,1,,,0,55,,12297,1,,,0,15,,12261,1,,,0,15,,12298,1,,,0,15,,12262,1,,,0,55,,12299,1,,,0,15,,12263,1,,,0,15,,12300,1,,,0,15,,12264,1,,,0,55,,12301,1,,,0,15,,12265,1,,,0,15,,12302,1,,,0,15,,12266,1,,,0,55,,12303,1,,,0,15,,12267,1,,,0,15,,12304,1,,,0,15,,12268,1,,,0,55,,12305,1,,,0,15,,12269,1,,,0,17,,12270,1,,,0,15,,12271,1,,,0,55,,12272,1,,,0,15,,12273,1,,,0,15,,12274,1,,,0,15,,12275,1,,,0,55,,12276,1,,,0,15,,12277,1,,,0,15,,12278,1,,,0,15,,12279,1,,,0,55,,12280,1,,,0,15,,12281,1,,,0,15,,12282,1,,,0,15,,12283,1,,,0,70,,12284,1,,,0,30,,12285,1,,,0,70,,12286,1,,,0,30,,12287,1,,,0,70,,12288,1,,,0,30,,12289,1,,,0,70,,12290,1,,,0,30,,12291,1,,,0,70,,12292,1,,,0,30,,12293,1,,,0,70,,12294,1,,,0
5200,'Saturday',2318,,12333,28,,,0,98,,12334,28,,,0,100,,12332,28,,,0
5200,'Weekday',2318,,12337,28,,,0,98,,12336,28,,,0,100,,12335,28,,,0
