101,'Saturday',644,,10390,18,,,0,15,,10391,18,,,0,55,,10392,18,,,0,10,,10393,18,,,0,15,,10394,18,,,0,15,,10395,18,,,0,55,,10396,18,,,0,15,,10397,18,,,0,15,,10398,18,,,0,15,,10399,18,,,0,56,,10400,18,,,0,15,,10401,18,,,0,15,,10402,18,,,0,15,,10403,18,,,0,55,,10404,18,,,0,14,,10405,18,,,0,11,,10442,18,,,0,14,,10406,18,,,0,54,,10407,18,,,0,14,,10408,18,,,0,14,,10409,18,,,0,14,,10410,18,,,0,14,,10411,18,,,0,54,,10441,18,,,0,14,,10412,18,,,0,14,,10413,18,,,0,14,,10414,18,,,0,54,,10415,18,,,0,13,,10416,18,,,0,14,,10417,18,,,0,14,,10439,18,,,0,54,,10418,18,,,0,14,,10419,18,,,0,14,,10420,18,,,0,14,,10421,18,,,0,54,,10422,18,,,0,14,,10423,18,,,0,14,,10440,18,,,0,14,,10424,18,,,0,14,,10425,18,,,0,54,,10426,18,,,0,14,,10427,18,,,0,14,,10428,18,,,0,14,,10429,18,,,0,54,,10430,18,,,0,15,,10431,18,,,0,15,,10432,18,,,0,15,,10433,18,,,0,55,,10434,18,,,0,17,,10435,18,,,0,18,,10436,18,,,0,15,,10437,18,,,0,55,,10438,18,,,0,15,,10382,18,,,0,30,,10385,18,,,0,70,,10379,18,,,0,30,,10383,18,,,0,69,,10386,18,,,0,30,,10380,18,,,0,70,,10384,18,,,0,30,,10387,18,,,0,70,,10381,18,,,0,30,,10388,18,,,0,69,,10389,18,,,0
101,'Sunday',644,,10450,18,,,0,15,,10451,18,,,0,55,,10452,18,,,0,10,,10453,18,,,0,15,,10454,18,,,0,15,,10455,18,,,0,55,,10456,18,,,0,15,,10457,18,,,0,15,,10458,18,,,0,15,,10459,18,,,0,56,,10460,18,,,0,15,,10461,18,,,0,15,,10462,18,,,0,15,,10463,18,,,0,55,,10464,18,,,0,14,,10465,18,,,0,11,,10502,18,,,0,14,,10466,18,,,0,54,,10467,18,,,0,14,,10468,18,,,0,14,,10469,18,,,0,14,,10470,18,,,0,14,,10471,18,,,0,54,,10501,18,,,0,14,,10472,18,,,0,14,,10473,18,,,0,14,,10474,18,,,0,54,,10475,18,,,0,13,,10476,18,,,0,14,,10477,18,,,0,14,,10499,18,,,0,54,,10478,18,,,0,14,,10479,18,,,0,14,,10480,18,,,0,14,,10481,18,,,0,54,,10482,18,,,0,14,,10483,18,,,0,14,,10500,18,,,0,14,,10484,18,,,0,14,,10485,18,,,0,54,,10486,18,,,0,14,,10487,18,,,0,14,,10488,18,,,0,14,,10489,18,,,0,54,,10490,18,,,0,15,,10491,18,,,0,15,,10492,18,,,0,15,,10493,18,,,0,55,,10494,18,,,0,17,,10495,18,,,0,18,,10496,18,,,0,15,,10497,18,,,0,55,,10498,18,,,0,18,,10445,18,,,0,30,,10448,18,,,0,70,,10443,18,,,0,30,,10446,18,,,0,69,,10449,18,,,0,30,,10444,18,,,0,70,,10447,18,,,0
101,'Weekday',501,,10503,18,,,0,15,,10504,18,,,0,12,,10505,18,,,0,12,,10506,18,,,0,12,,10507,18,,,0,52,,10508,18,,,0,12,,10509,18,,,0,12,,10510,18,,,0,12,,10511,18,,,0,15,,10512,18,,,0,54,,10513,18,,,0,12,,10514,18,,,0,12,,10515,18,,,0,13,,10516,18,,,0,12,,10517,18,,,0,52,,10518,18,,,0,12,,10519,18,,,0,12,,10520,18,,,0,12,,10521,18,,,0,12,,10522,18,,,0,52,,10523,18,,,0,12,,10524,18,,,0,12,,10525,18,,,0,12,,10526,18,,,0,12,,10527,18,,,0,52,,10528,18,,,0,12,,10529,18,,,0,12,,10530,18,,,0,13,,10531,18,,,0,12,,10532,18,,,0,52,,10533,18,,,0,12,,10534,18,,,0,12,,10535,18,,,0,12,,10536,18,,,0,12,,10537,18,,,0,52,,10538,18,,,0,12,,10539,18,,,0,12,,10540,18,,,0,12,,10541,18,,,0,12,,10542,18,,,0,51,,10543,18,,,0,10,,10544,18,,,0,11,,10545,18,,,0,11,,10546,18,,,0,10,,10547,18,,,0,50,,10548,18,,,0,9,,10549,18,,,0,9,,10550,18,,,0,9,,10551,18,,,0,9,,10552,18,,,0,10,,10553,18,,,0,9,,10554,18,,,0,50,,10555,18,,,0,10,,10556,18,,,0,11,,10557,18,,,0,10,,10558,18,,,0,11,,10559,18,,,0,10,,10560,18,,,0,50,,10561,18,,,0,10,,10562,18,,,0,11,,10563,18,,,0,11,,10564,18,,,0,11,,10565,18,,,0,51,,10566,18,,,0,10,,10567,18,,,0,10,,10568,18,,,0,11,,10569,18,,,0,9,,10570,18,,,0,11,,10571,18,,,0,49,,10572,18,,,0,11,,10573,18,,,0,11,,10574,18,,,0,11,,10575,18,,,0,11,,10576,18,,,0,11,,10577,18,,,0,51,,10578,18,,,0,10,,10579,18,,,0,11,,10580,18,,,0,10,,10581,18,,,0,10,,10582,18,,,0,50,,10583,18,,,0,10,,10584,18,,,0,12,,10585,18,,,0,12,,10586,18,,,0,11,,10587,18,,,0,10,,10588,18,,,0,55,,10589,18,,,0,15,,10590,18,,,0,15,,10591,18,,,0,15,,10592,18,,,0,55,,10604,18,,,0,15,,10603,18,,,0,14,,10602,18,,,0,10,,10593,18,,,0,55,,10594,18,,,0,15,,10595,18,,,0,15,,10596,18,,,0,15,,10597,18,,,0,55,,10598,18,,,0,15,,10599,18,,,0,15,,10600,18,,,0,15,,10601,18,,,0
601,'Saturday',735,,11297,32,,,0,100,,11296,32,,,0,100,,11295,32,,,0,110,,11294,32,,,0,100,,11293,32,,,0,100,,11292,32,,,0,100,,11291,32,,,0,100,,11290,32,,,0,100,,11289,32,,,0,100,,11288,32,,,0,100,,11287,32,,,0,100,,11286,32,,,0,100,,11285,32,,,0,100,,11284,32,,,0,100,,11283,32,,,0
601,'Sunday',835,,11298,32,,,0,100,,11299,32,,,0,113,,11300,32,,,0,100,,11301,32,,,0,100,,11302,32,,,0,100,,11303,32,,,0,104,,11304,32,,,0,100,,11305,32,,,0,100,,11306,32,,,0,100,,11307,32,,,0,100,,11308,32,,,0,100,,11309,32,,,0
601,'Weekday',544,,11310,32,,,0,101,,11311,32,,,0,70,,11312,32,,,0,32,,11313,32,,,0,74,,11314,32,,,0,30,,11315,32,,,0,69,,11316,32,,,0,30,,11317,32,,,0,70,,11318,32,,,0,30,,11319,32,,,0,70,,11320,32,,,0,31,,11321,32,,,0,70,,11322,32,,,0,30,,11323,32,,,0,70,,11324,32,,,0,30,,11325,32,,,0,66,,11326,32,,,0,34,,11327,32,,,0,68,,11328,32,,,0,37,,11329,32,,,0,76,,11332,32,,,0,76,,11333,32,,,0,32,,11334,32,,,0,62,,11335,32,,,0,26,,11336,32,,,0,23,,11337,32,,,0,70,,11338,32,,,0,28,,11339,32,,,0,100,,11330,32,,,0,100,,11331,32,,,0,100,,11340,32,,,0
5001,'Saturday',2338,,12317,36,,,0,100,,12316,36,,,0
5001,'Weekday',2338,,12319,36,,,0,100,,12318,36,,,0
5101,'Saturday',2344,,12327,32,,,0,95,,12326,32,,,0
5101,'Weekday',2344,,12330,32,,,0,95,,12329,32,,,0
8001,'Weekday',523,,12376,4,,,0,30,,12382,23,,,0,71,,12377,23,,,0,30,,12383,23,,,0,73,,12378,23,,,0,30,,12384,23,,,0,77,,12379,23,,,0,70,,12385,23,,,0,30,,12380,23,,,0,70,,12386,23,,,0,29,,12381,23,,,0,70,,12387,23,,,0,30,,12392,23,,,0,70,,12388,23,,,0,27,,12393,23,,,0,70,,12389,23,,,0,30,,12394,23,,,0,70,,12390,23,,,0,32,,12395,23,,,0,70,,12391,23,,,0,29,,12397,23,,,0,69,,12371,23,,,0,34,,12375,23,,,0,23,,12372,23,,,0,70,,12373,23,,,0,30,,12396,23,,,0,66,,12370,23,,,0,30,,12374,23,,,0
8101,'Weekday',610,,12430,42,,,0,30,,12435,42,,,0,72,,12431,42,,,0,32,,12436,42,,,0,70,,12432,42,,,0,37,,12437,42,,,0,70,,12433,42,,,0,27,,12438,42,,,0,70,,12434,42,,,0,30,,12441,42,,,0,70,,12442,42,,,0,30,,12443,42,,,0,70,,12444,42,,,0,26,,12445,42,,,0,70,,12446,42,,,0,30,,12447,42,,,0,71,,12448,42,,,0,30,,12449,42,,,0,73,,12450,42,,,0,30,,12439,42,,,0,75,,12451,42,,,0,30,,12440,42,,,0,70,,12428,42,,,0,27,,12426,42,,,0,66,,12427,42,,,0,30,,12452,42,,,0,68,,12429,42,,,0
