100,'Saturday',703,,10201,50,,,0,15,,10202,50,,,0,15,,10203,50,,,0,15,,10204,50,,,0,55,,10205,50,,,0,15,,10206,50,,,0,18,,10207,50,,,0,15,,10208,50,,,0,55,,10209,50,,,0,15,,10210,50,,,0,17,,10211,50,,,0,15,,10212,50,,,0,56,,10213,50,,,0,15,,10190,50,,,0,15,,10177,50,,,0,15,,10184,50,,,0,55,,10167,50,,,0,15,,10191,50,,,0,15,,10175,50,,,0,13,,10214,50,,,0,54,,10178,50,,,0,14,,10174,50,,,0,14,,10168,50,,,0,14,,10192,50,,,0,54,,10199,50,,,0,14,,10179,50,,,0,14,,10215,50,,,0,14,,10173,50,,,0,14,,10169,50,,,0,54,,10165,50,,,0,14,,10166,50,,,0,14,,10180,50,,,0,14,,10197,50,,,0,54,,10216,50,,,0,14,,10193,50,,,0,14,,10187,50,,,0,14,,10189,50,,,0,54,,10181,50,,,0,14,,10164,50,,,0,14,,10170,50,,,0,14,,10217,50,,,0,55,,10194,50,,,0,13,,10186,50,,,0,15,,10176,50,,,0,14,,10182,50,,,0,15,,10185,50,,,0,52,,10171,50,,,0,13,,10195,50,,,0,11,,10200,50,,,0,15,,10188,50,,,0,55,,10183,50,,,0,15,,10198,50,,,0,15,,10172,50,,,0,15,,10196,50,,,0,55,,10154,50,,,0,30,,10158,50,,,0,70,,10161,50,,,0,30,,10155,50,,,0,70,,10159,50,,,0,30,,10162,50,,,0,70,,10156,50,,,0,30,,10160,50,,,0,68,,10163,50,,,0,26,,10157,50,,,0,26,,10218,50,,,0
100,'Sunday',703,,10263,50,,,0,15,,10264,50,,,0,15,,10265,50,,,0,15,,10266,50,,,0,55,,10267,50,,,0,15,,10268,50,,,0,18,,10269,50,,,0,15,,10270,50,,,0,55,,10271,50,,,0,15,,10272,50,,,0,17,,10273,50,,,0,15,,10274,50,,,0,56,,10275,50,,,0,15,,10252,50,,,0,15,,10239,50,,,0,15,,10246,50,,,0,55,,10229,50,,,0,15,,10253,50,,,0,15,,10237,50,,,0,13,,10276,50,,,0,54,,10240,50,,,0,14,,10236,50,,,0,14,,10230,50,,,0,14,,10254,50,,,0,54,,10261,50,,,0,14,,10241,50,,,0,14,,10277,50,,,0,14,,10235,50,,,0,14,,10231,50,,,0,54,,10227,50,,,0,14,,10228,50,,,0,14,,10242,50,,,0,14,,10259,50,,,0,54,,10278,50,,,0,14,,10255,50,,,0,14,,10249,50,,,0,14,,10251,50,,,0,54,,10243,50,,,0,14,,10226,50,,,0,14,,10232,50,,,0,14,,10279,50,,,0,55,,10256,50,,,0,13,,10248,50,,,0,15,,10238,50,,,0,14,,10244,50,,,0,15,,10247,50,,,0,52,,10233,50,,,0,13,,10257,50,,,0,11,,10262,50,,,0,15,,10250,50,,,0,55,,10245,50,,,0,15,,10260,50,,,0,15,,10234,50,,,0,18,,10258,50,,,0,58,,10219,50,,,0,30,,10222,50,,,0,70,,10224,50,,,0,30,,10220,50,,,0,70,,10223,50,,,0,30,,10225,50,,,0,70,,10221,50,,,0
100,'Weekday',517,,10280,50,,,0,15,,10281,50,,,0,12,,10282,50,,,0,12,,10283,50,,,0,56,,10284,50,,,0,12,,10285,50,,,0,12,,10286,50,,,0,12,,10287,50,,,0,52,,10288,50,,,0,13,,10289,50,,,0,12,,10290,50,,,0,12,,10291,50,,,0,12,,10292,50,,,0,52,,10293,50,,,0,15,,10294,50,,,0,12,,10295,50,,,0,12,,10296,50,,,0,12,,10297,50,,,0,52,,10298,50,,,0,11,,10299,50,,,0,12,,10300,50,,,0,12,,10301,50,,,0,12,,10302,50,,,0,52,,10303,50,,,0,12,,10304,50,,,0,12,,10305,50,,,0,12,,10306,50,,,0,12,,10307,50,,,0,52,,10308,50,,,0,13,,10309,50,,,0,12,,10310,50,,,0,12,,10311,50,,,0,13,,10312,50,,,0,52,,10313,50,,,0,12,,10314,50,,,0,12,,10315,50,,,0,13,,10316,50,,,0,13,,10317,50,,,0,52,,10318,50,,,0,12,,10319,50,,,0,12,,10320,50,,,0,11,,10321,50,,,0,12,,10322,50,,,0,53,,10323,50,,,0,11,,10324,50,,,0,12,,10325,50,,,0,12,,10326,50,,,0,10,,10327,50,,,0,51,,10328,50,,,0,11,,10329,50,,,0,11,,10330,50,,,0,10,,10331,50,,,0,10,,10332,50,,,0,11,,10333,50,,,0,51,,10334,50,,,0,10,,10335,50,,,0,10,,10336,50,,,0,11,,10337,50,,,0,10,,10338,50,,,0,11,,10339,50,,,0,51,,10340,50,,,0,11,,10341,50,,,0,10,,10342,50,,,0,10,,10343,50,,,0,12,,10344,50,,,0,51,,10345,50,,,0,8,,10346,50,,,0,11,,10347,50,,,0,11,,10348,50,,,0,11,,10349,50,,,0,11,,10350,50,,,0,52,,10351,50,,,0,12,,10352,50,,,0,12,,10353,50,,,0,8,,10354,50,,,0,12,,10355,50,,,0,52,,10356,50,,,0,12,,10357,50,,,0,12,,10358,50,,,0,12,,10359,50,,,0,12,,10360,50,,,0,52,,10361,50,,,0,15,,10362,50,,,0,13,,10363,50,,,0,14,,10364,50,,,0,55,,10365,50,,,0,15,,10366,50,,,0,15,,10367,50,,,0,15,,10368,50,,,0,13,,10369,50,,,0,55,,10370,50,,,0,15,,10371,50,,,0,20,,10372,50,,,0,55,,10373,50,,,0,15,,10374,50,,,0,15,,10375,50,,,0,15,,10376,50,,,0,55,,10377,50,,,0,15,,10378,50,,,0
400,'Saturday',927,,11134,84,,,0,100,,11140,84,,,0,100,,11135,84,,,0,100,,11141,84,,,0,100,,11136,84,,,0,100,,11142,84,,,0,100,,11137,84,,,0,100,,11143,84,,,0,100,,11138,84,,,0,100,,11144,84,,,0,100,,11139,84,,,0,100,,11145,84,,,0,98,,11146,84,,,0
400,'Sunday',1227,,11147,84,,,0,100,,11151,84,,,0,100,,11148,84,,,0,100,,11152,84,,,0,100,,11149,84,,,0,100,,11153,84,,,0,100,,11150,84,,,0
400,'Weekday',625,,11154,84,,,0,101,,11155,84,,,0,105,,11156,84,,,0,23,,11157,84,,,0,77,,11158,84,,,0,69,,11159,84,,,0,31,,11160,84,,,0,70,,11161,84,,,0,30,,11162,84,,,0,70,,11163,84,,,0,30,,11164,84,,,0,70,,11165,84,,,0,30,,11166,84,,,0,70,,11167,84,,,0,30,,11168,84,,,0,70,,11169,84,,,0,34,,11170,84,,,0,71,,11171,84,,,0,26,,11172,84,,,0,70,,11173,84,,,0,30,,11174,84,,,0,70,,11175,84,,,0,31,,11176,84,,,0,67,,11180,84,,,0,30,,11177,84,,,0,96,,11178,84,,,0,99,,11179,84,,,0
1000,'Saturday',733,,11347,65,,,0,70,,11348,65,,,0,31,,11349,65,,,0,70,,11350,65,,,0,30,,11351,65,,,0,18,,11391,65,,,0,55,,11352,65,,,0,15,,11353,65,,,0,15,,11354,65,,,0,15,,11355,65,,,0,55,,11356,65,,,0,15,,11357,65,,,0,15,,11358,65,,,0,15,,11359,65,,,0,55,,11360,65,,,0,15,,11361,65,,,0,15,,11362,65,,,0,15,,11363,65,,,0,55,,11364,65,,,0,15,,11365,65,,,0,15,,11366,65,,,0,15,,11367,65,,,0,55,,11368,65,,,0,15,,11369,65,,,0,15,,11370,65,,,0,15,,11371,65,,,0,55,,11372,65,,,0,15,,11373,65,,,0,15,,11374,65,,,0,15,,11375,65,,,0,55,,11376,65,,,0,15,,11377,65,,,0,15,,11378,65,,,0,15,,11379,65,,,0,55,,11380,65,,,0,15,,11381,65,,,0,15,,11382,65,,,0,15,,11383,65,,,0,55,,11384,65,,,0,15,,11385,65,,,0,15,,11386,65,,,0,15,,11387,65,,,0,55,,11388,65,,,0,27,,11389,65,,,0,70,,11390,65,,,0,30,,11343,65,,,0,70,,11341,65,,,0,30,,11345,65,,,0,70,,11344,65,,,0,30,,11342,65,,,0,70,,11346,65,,,0
1000,'Sunday',838,,11434,65,,,0,70,,11428,65,,,0,30,,11433,65,,,0,69,,11425,65,,,0,30,,11427,65,,,0,70,,11405,65,,,0,15,,11393,65,,,0,15,,11396,65,,,0,15,,11415,65,,,0,55,,11413,65,,,0,15,,11406,65,,,0,15,,11412,65,,,0,15,,11397,65,,,0,55,,11416,65,,,0,15,,11404,65,,,0,15,,11407,65,,,0,15,,11422,65,,,0,55,,11398,65,,,0,15,,11417,65,,,0,15,,11411,65,,,0,15,,11408,65,,,0,55,,11402,65,,,0,15,,11399,65,,,0,15,,11418,65,,,0,15,,11395,65,,,0,55,,11409,65,,,0,15,,11421,65,,,0,15,,11400,65,,,0,15,,11419,65,,,0,55,,11414,65,,,0,15,,11410,65,,,0,15,,11394,65,,,0,15,,11401,65,,,0,55,,11420,65,,,0,15,,11403,65,,,0,15,,11392,65,,,0,70,,11423,65,,,0,27,,11429,65,,,0,70,,11424,65,,,0,30,,11430,65,,,0,70,,11426,65,,,0,30,,11431,65,,,0,70,,11432,65,,,0
1000,'Weekday',527,,11445,65,,,0,30,,11454,65,,,0,66,,11440,65,,,0,29,,11471,65,,,0,55,,11468,65,,,0,15,,11472,65,,,0,10,,11464,65,,,0,18,,11473,65,,,0,55,,11449,65,,,0,15,,11474,65,,,0,15,,11455,65,,,0,17,,11475,65,,,0,55,,11435,65,,,0,15,,11476,65,,,0,15,,11461,65,,,0,15,,11477,65,,,0,55,,11470,65,,,0,15,,11478,65,,,0,15,,11467,65,,,0,15,,11479,65,,,0,55,,11456,65,,,0,15,,11480,65,,,0,15,,11452,65,,,0,15,,11481,65,,,0,57,,11444,65,,,0,18,,11482,65,,,0,15,,11453,65,,,0,15,,11483,65,,,0,55,,11439,65,,,0,15,,11484,65,,,0,15,,11457,65,,,0,15,,11485,65,,,0,55,,11469,65,,,0,15,,11486,65,,,0,15,,11443,65,,,0,15,,11487,65,,,0,53,,11466,65,,,0,12,,11488,65,,,0,15,,11463,65,,,0,12,,11489,65,,,0,55,,11458,65,,,0,15,,11490,65,,,0,15,,11462,65,,,0,15,,11491,65,,,0,55,,11451,65,,,0,15,,11492,65,,,0,15,,11446,65,,,0,15,,11493,65,,,0,55,,11448,65,,,0,12,,11494,65,,,0,15,,11459,65,,,0,15,,11495,65,,,0,58,,11447,65,,,0,18,,11496,65,,,0,14,,11442,65,,,0,70,,11465,65,,,0,30,,11450,65,,,0,70,,11460,65,,,0,30,,11436,65,,,0,70,,11438,65,,,0,27,,11441,65,,,0,70,,11437,65,,,0
1101,'Saturday',732,,11783,29,,,0,70,,11784,29,,,0,30,,11769,29,,,0,70,,11785,29,,,0,30,,11770,29,,,0,70,,11786,29,,,0,30,,11771,29,,,0,71,,11787,29,,,0,30,,11772,29,,,0,70,,11788,29,,,0,30,,11773,29,,,0,70,,11789,29,,,0,30,,11774,29,,,0,70,,11790,29,,,0,30,,11775,29,,,0,70,,11791,29,,,0,30,,11776,29,,,0,70,,11792,29,,,0,30,,11777,29,,,0,70,,11793,29,,,0,30,,11778,29,,,0,69,,11794,29,,,0,30,,11779,29,,,0,70,,11795,29,,,0,30,,11780,29,,,0,72,,11796,29,,,0,30,,11781,29,,,0,70,,11797,29,,,0,30,,11782,29,,,0,70,,11798,29,,,0
1101,'Sunday',832,,11811,29,,,0,70,,11810,29,,,0,30,,11809,29,,,0,70,,11812,29,,,0,30,,11808,29,,,0,71,,11813,29,,,0,30,,11807,29,,,0,70,,11814,29,,,0,30,,11815,29,,,0,70,,11806,29,,,0,30,,11816,29,,,0,70,,11805,29,,,0,30,,11804,29,,,0,70,,11817,29,,,0,30,,11803,29,,,0,70,,11818,29,,,0,30,,11819,29,,,0,70,,11802,29,,,0,30,,11820,29,,,0,69,,11801,29,,,0,30,,11821,29,,,0,70,,11800,29,,,0,30,,11799,29,,,0,72,,11822,29,,,0,30,,11823,29,,,0,70,,11824,29,,,0,30,,11825,29,,,0
1101,'Weekday',527,,11826,29,,,0,28,,11827,29,,,0,54,,11885,29,,,0,12,,11828,29,,,0,15,,11880,29,,,0,15,,11829,29,,,0,55,,11881,29,,,0,15,,11830,29,,,0,14,,11831,29,,,0,15,,11832,29,,,0,58,,11833,29,,,0,15,,11834,29,,,0,15,,11835,29,,,0,15,,11836,29,,,0,60,,11837,29,,,0,12,,11871,29,,,0,16,,11838,29,,,0,15,,11872,29,,,0,55,,11839,29,,,0,15,,11873,29,,,0,15,,11840,29,,,0,15,,11874,29,,,0,55,,11841,29,,,0,15,,11875,29,,,0,15,,11842,29,,,0,15,,11876,29,,,0,55,,11843,29,,,0,15,,11877,29,,,0,15,,11844,29,,,0,15,,11878,29,,,0,55,,11845,29,,,0,15,,11879,29,,,0,15,,11846,29,,,0,15,,11869,29,,,0,55,,11847,29,,,0,15,,11870,29,,,0,15,,11848,29,,,0,63,,11849,29,,,0,20,,11850,29,,,0,15,,11851,29,,,0,15,,11852,29,,,0,55,,11882,29,,,0,15,,11853,29,,,0,15,,11854,29,,,0,15,,11855,29,,,0,60,,11856,29,,,0,15,,11883,29,,,0,15,,11857,29,,,0,14,,11858,29,,,0,55,,11859,29,,,0,15,,11884,29,,,0,15,,11860,29,,,0,68,,11861,29,,,0,30,,11862,29,,,0,70,,11863,29,,,0,28,,11864,29,,,0,70,,11865,29,,,0,30,,11866,29,,,0,70,,11867,29,,,0,29,,11868,29,,,0
2501,'Saturday',732,,12201,31,,,0,70,,12202,31,,,0,30,,12200,31,,,0,70,,12203,31,,,0,30,,12199,31,,,0,70,,12204,31,,,0,30,,12198,31,,,0,70,,12205,31,,,0,30,,12197,31,,,0,70,,12206,31,,,0,30,,12196,31,,,0,70,,12207,31,,,0,30,,12195,31,,,0,70,,12208,31,,,0,30,,12194,31,,,0,70,,12209,31,,,0,30,,12193,31,,,0,70,,12210,31,,,0,30,,12192,31,,,0,70,,12211,31,,,0,30,,12191,31,,,0,70,,12212,31,,,0,30,,12190,31,,,0,70,,12213,31,,,0,30,,12189,31,,,0,70,,12214,31,,,0,30,,12216,31,,,0,70,,12215,31,,,0,30,,12217,31,,,0,70,,12218,31,,,0
2501,'Sunday',802,,12230,31,,,0,30,,12219,31,,,0,70,,12231,31,,,0,30,,12220,31,,,0,70,,12232,31,,,0,30,,12221,31,,,0,70,,12233,31,,,0,30,,12222,31,,,0,70,,12234,31,,,0,30,,12223,31,,,0,70,,12235,31,,,0,30,,12224,31,,,0,70,,12236,31,,,0,30,,12225,31,,,0,70,,12237,31,,,0,30,,12226,31,,,0,70,,12238,31,,,0,30,,12227,31,,,0,70,,12239,31,,,0,30,,12228,31,,,0,70,,12240,31,,,0,30,,12229,31,,,0,70,,12241,31,,,0,30,,12242,31,,,0,70,,12243,31,,,0,30,,12244,31,,,0,70,,12245,31,,,0,30,,12246,31,,,0
2501,'Weekday',525,,12247,31,,,0,28,,12248,31,,,0,72,,12249,31,,,0,25,,12250,31,,,0,71,,12251,31,,,0,16,,12252,31,,,0,15,,12253,31,,,0,55,,12254,31,,,0,17,,12255,31,,,0,15,,12256,31,,,0,14,,12257,31,,,0,55,,12258,31,,,0,13,,12295,31,,,0,15,,12259,31,,,0,15,,12296,31,,,0,55,,12260,31,,,0,15,,12297,31,,,0,15,,12261,31,,,0,16,,12298,31,,,0,55,,12262,31,,,0,15,,12299,31,,,0,15,,12263,31,,,0,15,,12300,31,,,0,55,,12264,31,,,0,15,,12301,31,,,0,15,,12265,31,,,0,15,,12302,31,,,0,55,,12266,31,,,0,16,,12303,31,,,0,15,,12267,31,,,0,14,,12304,31,,,0,55,,12268,31,,,0,15,,12305,31,,,0,15,,12269,31,,,0,20,,12270,31,,,0,53,,12271,31,,,0,17,,12272,31,,,0,15,,12273,31,,,0,15,,12274,31,,,0,55,,12275,31,,,0,16,,12276,31,,,0,15,,12277,31,,,0,15,,12278,31,,,0,55,,12279,31,,,0,15,,12280,31,,,0,15,,12281,31,,,0,13,,12282,31,,,0,55,,12283,31,,,0,28,,12284,31,,,0,70,,12285,31,,,0,28,,12286,31,,,0,70,,12287,31,,,0,30,,12288,31,,,0,69,,12289,31,,,0,30,,12290,31,,,0,69,,12291,31,,,0,30,,12292,31,,,0,69,,12293,31,,,0,30,,12294,31,,,0
8000,'Weekday',536,,12368,8,,,0,70,,12363,20,,,0,31,,12359,20,,,0,70,,12364,20,,,0,30,,12360,20,,,0,73,,12365,20,,,0,30,,12361,20,,,0,70,,12366,20,,,0,30,,12362,20,,,0,74,,12367,20,,,0,30,,12344,20,,,0,70,,12350,20,,,0,30,,12345,20,,,0,65,,12351,20,,,0,30,,12346,20,,,0,70,,12352,20,,,0,30,,12347,20,,,0,70,,12353,20,,,0,31,,12348,20,,,0,69,,12354,20,,,0,30,,12349,20,,,0,71,,12357,20,,,0,23,,12358,20,,,0,69,,12356,20,,,0,32,,12355,20,,,0,69,,12369,20,,,0,31,,12342,20,,,0,74,,12343,20,,,0
8100,'Weekday',534,,12425,31,,,0,70,,12404,40,,,0,32,,12409,40,,,0,71,,12405,40,,,0,32,,12410,40,,,0,71,,12406,40,,,0,33,,12411,40,,,0,72,,12407,40,,,0,30,,12412,40,,,0,70,,12408,40,,,0,29,,12415,40,,,0,70,,12416,40,,,0,30,,12417,40,,,0,65,,12418,40,,,0,30,,12419,40,,,0,70,,12420,40,,,0,30,,12421,40,,,0,70,,12422,40,,,0,27,,12423,40,,,0,72,,12424,40,,,0,30,,12413,40,,,0,73,,12414,40,,,0,26,,12398,40,,,0,69,,12402,40,,,0,31,,12400,40,,,0,69,,12399,40,,,0,32,,12403,40,,,0,67,,12401,40,,,0
