100,'Saturday',652,,10201,33,,,0,55,,10202,33,,,0,15,,10203,33,,,0,15,,10204,33,,,0,15,,10205,33,,,0,55,,10206,33,,,0,17,,10207,33,,,0,15,,10208,33,,,0,15,,10209,33,,,0,55,,10210,33,,,0,16,,10211,33,,,0,16,,10212,33,,,0,15,,10213,33,,,0,55,,10190,33,,,0,15,,10177,33,,,0,15,,10184,33,,,0,15,,10167,33,,,0,55,,10191,33,,,0,15,,10175,33,,,0,13,,10214,33,,,0,14,,10178,33,,,0,54,,10174,33,,,0,14,,10168,33,,,0,14,,10192,33,,,0,14,,10199,33,,,0,54,,10179,33,,,0,14,,10215,33,,,0,14,,10173,33,,,0,14,,10169,33,,,0,14,,10165,33,,,0,54,,10166,33,,,0,14,,10180,33,,,0,14,,10197,33,,,0,14,,10216,33,,,0,54,,10193,33,,,0,14,,10187,33,,,0,14,,10189,33,,,0,14,,10181,33,,,0,54,,10164,33,,,0,14,,10170,33,,,0,14,,10217,33,,,0,15,,10194,33,,,0,53,,10186,33,,,0,15,,10176,33,,,0,14,,10182,33,,,0,15,,10185,33,,,0,13,,10171,33,,,0,53,,10195,33,,,0,12,,10200,33,,,0,15,,10188,33,,,0,15,,10183,33,,,0,55,,10198,33,,,0,15,,10172,33,,,0,15,,10196,33,,,0,15,,10154,33,,,0,70,,10158,33,,,0,30,,10161,33,,,0,70,,10155,33,,,0,30,,10159,33,,,0,70,,10162,33,,,0,30,,10156,33,,,0,70,,10160,33,,,0,29,,10163,33,,,0,68,,10157,33,,,0,26,,10218,33,,,0
100,'Sunday',652,,10263,33,,,0,55,,10264,33,,,0,15,,10265,33,,,0,15,,10266,33,,,0,15,,10267,33,,,0,55,,10268,33,,,0,17,,10269,33,,,0,15,,10270,33,,,0,15,,10271,33,,,0,55,,10272,33,,,0,16,,10273,33,,,0,16,,10274,33,,,0,15,,10275,33,,,0,55,,10252,33,,,0,15,,10239,33,,,0,15,,10246,33,,,0,15,,10229,33,,,0,55,,10253,33,,,0,15,,10237,33,,,0,13,,10276,33,,,0,14,,10240,33,,,0,54,,10236,33,,,0,14,,10230,33,,,0,14,,10254,33,,,0,14,,10261,33,,,0,54,,10241,33,,,0,14,,10277,33,,,0,14,,10235,33,,,0,14,,10231,33,,,0,14,,10227,33,,,0,54,,10228,33,,,0,14,,10242,33,,,0,14,,10259,33,,,0,14,,10278,33,,,0,54,,10255,33,,,0,14,,10249,33,,,0,14,,10251,33,,,0,14,,10243,33,,,0,54,,10226,33,,,0,14,,10232,33,,,0,14,,10279,33,,,0,15,,10256,33,,,0,53,,10248,33,,,0,15,,10238,33,,,0,14,,10244,33,,,0,15,,10247,33,,,0,13,,10233,33,,,0,53,,10257,33,,,0,12,,10262,33,,,0,15,,10250,33,,,0,15,,10245,33,,,0,55,,10260,33,,,0,15,,10234,33,,,0,18,,10258,33,,,0,18,,10219,33,,,0,70,,10222,33,,,0,30,,10224,33,,,0,70,,10220,33,,,0,30,,10223,33,,,0,70,,10225,33,,,0,30,,10221,33,,,0
100,'Weekday',507,,10280,33,,,0,15,,10281,33,,,0,12,,10282,33,,,0,12,,10283,33,,,0,54,,10284,33,,,0,12,,10285,33,,,0,12,,10286,33,,,0,12,,10287,33,,,0,12,,10288,33,,,0,53,,10289,33,,,0,12,,10290,33,,,0,12,,10291,33,,,0,12,,10292,33,,,0,12,,10293,33,,,0,54,,10294,33,,,0,12,,10295,33,,,0,12,,10296,33,,,0,12,,10297,33,,,0,12,,10298,33,,,0,52,,10299,33,,,0,12,,10300,33,,,0,12,,10301,33,,,0,12,,10302,33,,,0,12,,10303,33,,,0,52,,10304,33,,,0,12,,10305,33,,,0,12,,10306,33,,,0,12,,10307,33,,,0,12,,10308,33,,,0,52,,10309,33,,,0,12,,10310,33,,,0,12,,10311,33,,,0,13,,10312,33,,,0,12,,10313,33,,,0,52,,10314,33,,,0,12,,10315,33,,,0,13,,10316,33,,,0,13,,10317,33,,,0,12,,10318,33,,,0,52,,10319,33,,,0,12,,10320,33,,,0,11,,10321,33,,,0,12,,10322,33,,,0,13,,10323,33,,,0,51,,10324,33,,,0,12,,10325,33,,,0,12,,10326,33,,,0,10,,10327,33,,,0,11,,10328,33,,,0,51,,10329,33,,,0,11,,10330,33,,,0,10,,10331,33,,,0,10,,10332,33,,,0,11,,10333,33,,,0,11,,10334,33,,,0,50,,10335,33,,,0,10,,10336,33,,,0,11,,10337,33,,,0,10,,10338,33,,,0,11,,10339,33,,,0,11,,10340,33,,,0,51,,10341,33,,,0,10,,10342,33,,,0,10,,10343,33,,,0,12,,10344,33,,,0,12,,10345,33,,,0,48,,10346,33,,,0,11,,10347,33,,,0,11,,10348,33,,,0,11,,10349,33,,,0,11,,10350,33,,,0,12,,10351,33,,,0,52,,10352,33,,,0,12,,10353,33,,,0,8,,10354,33,,,0,12,,10355,33,,,0,12,,10356,33,,,0,52,,10357,33,,,0,12,,10358,33,,,0,12,,10359,33,,,0,12,,10360,33,,,0,12,,10361,33,,,0,55,,10362,33,,,0,13,,10363,33,,,0,15,,10364,33,,,0,15,,10365,33,,,0,55,,10366,33,,,0,15,,10367,33,,,0,15,,10368,33,,,0,15,,10369,33,,,0,55,,10370,33,,,0,15,,10371,33,,,0,20,,10372,33,,,0,15,,10373,33,,,0,55,,10374,33,,,0,15,,10375,33,,,0,15,,10376,33,,,0,15,,10377,33,,,0,55,,10378,33,,,0
600,'Saturday',749,,11240,2,,,0,100,,11239,2,,,0,106,,11238,2,,,0,100,,11237,2,,,0,100,,11236,2,,,0,100,,11235,2,,,0,100,,11234,2,,,0,100,,11233,2,,,0,100,,11232,2,,,0,100,,11231,2,,,0,100,,11230,2,,,0,100,,11229,2,,,0,100,,11228,2,,,0,100,,11227,2,,,0,100,,11226,2,,,0
600,'Sunday',849,,11241,2,,,0,106,,11242,2,,,0,100,,11243,2,,,0,100,,11244,2,,,0,100,,11245,2,,,0,100,,11246,2,,,0,102,,11247,2,,,0,100,,11248,2,,,0,100,,11249,2,,,0,100,,11250,2,,,0,100,,11251,2,,,0,100,,11252,2,,,0
600,'Weekday',556,,11253,2,,,0,70,,11254,2,,,0,30,,11255,2,,,0,70,,11256,2,,,0,26,,11257,2,,,0,75,,11258,2,,,0,30,,11259,2,,,0,69,,11260,2,,,0,30,,11261,2,,,0,70,,11262,2,,,0,30,,11263,2,,,0,70,,11264,2,,,0,30,,11265,2,,,0,70,,11266,2,,,0,30,,11267,2,,,0,70,,11268,2,,,0,30,,11269,2,,,0,66,,11270,2,,,0,33,,11271,2,,,0,73,,11272,2,,,0,79,,11276,2,,,0,33,,11277,2,,,0,66,,11278,2,,,0,26,,11279,2,,,0,70,,11280,2,,,0,29,,11281,2,,,0,70,,11282,2,,,0,100,,11273,2,,,0,100,,11274,2,,,0,100,,11275,2,,,0
5100,'Saturday',2301,,12322,2,,,0,100,,12321,2,,,0,100,,12320,2,,,0
5100,'Weekday',2301,,12325,2,,,0,100,,12324,2,,,0,100,,12323,2,,,0
8000,'Weekday',554,,12363,2,,,0,70,,12359,2,,,0,30,,12364,2,,,0,70,,12360,2,,,0,32,,12365,2,,,0,70,,12361,2,,,0,31,,12366,2,,,0,70,,12362,2,,,0,74,,12367,2,,,0,30,,12344,2,,,0,70,,12350,2,,,0,30,,12345,2,,,0,25,,12351,2,,,0,70,,12346,2,,,0,30,,12352,2,,,0,70,,12347,2,,,0,30,,12353,2,,,0,70,,12348,2,,,0,30,,12354,2,,,0,70,,12349,2,,,0,31,,12357,2,,,0,63,,12358,2,,,0,27,,12356,2,,,0,74,,12355,2,,,0,29,,12369,2,,,0,71,,12342,2,,,0,34,,12343,2,,,0
8100,'Weekday',538,,12404,2,,,0,70,,12409,2,,,0,31,,12405,2,,,0,70,,12410,2,,,0,30,,12406,2,,,0,73,,12411,2,,,0,32,,12407,2,,,0,73,,12412,2,,,0,30,,12408,2,,,0,70,,12415,2,,,0,30,,12416,2,,,0,70,,12417,2,,,0,25,,12418,2,,,0,70,,12419,2,,,0,30,,12420,2,,,0,70,,12421,2,,,0,30,,12422,2,,,0,67,,12423,2,,,0,30,,12424,2,,,0,70,,12413,2,,,0,29,,12414,2,,,0,66,,12398,2,,,0,29,,12402,2,,,0,71,,12400,2,,,0,34,,12399,2,,,0,72,,12403,2,,,0,30,,12401,2,,,0
