200,'Saturday',617,,10605,1,,,0,100,,10606,1,,,0,100,,10607,1,,,0,100,,10608,1,,,0,30,,10621,1,,,0,60,,10609,1,,,0,20,,10635,1,,,0,20,,10622,1,,,0,60,,10610,1,,,0,20,,10636,1,,,0,20,,10623,1,,,0,60,,10611,1,,,0,20,,10637,1,,,0,25,,10624,1,,,0,60,,10612,1,,,0,20,,10638,1,,,0,20,,10625,1,,,0,60,,10613,1,,,0,20,,10639,1,,,0,20,,10626,1,,,0,65,,10614,1,,,0,20,,10640,1,,,0,20,,10627,1,,,0,60,,10615,1,,,0,20,,10641,1,,,0,20,,10628,1,,,0,60,,10616,1,,,0,30,,10629,1,,,0,70,,10617,1,,,0,30,,10630,1,,,0,70,,10618,1,,,0,30,,10631,1,,,0,70,,10619,1,,,0,30,,10632,1,,,0,70,,10620,1,,,0,30,,10633,1,,,0,100,,10634,1,,,0
200,'Sunday',747,,10642,1,,,0,100,,10643,1,,,0,100,,10644,1,,,0,60,,10655,1,,,0,20,,10668,1,,,0,20,,10645,1,,,0,60,,10656,1,,,0,20,,10669,1,,,0,20,,10646,1,,,0,60,,10657,1,,,0,20,,10670,1,,,0,25,,10647,1,,,0,60,,10658,1,,,0,20,,10671,1,,,0,20,,10648,1,,,0,60,,10659,1,,,0,20,,10672,1,,,0,20,,10649,1,,,0,65,,10660,1,,,0,20,,10673,1,,,0,20,,10650,1,,,0,60,,10661,1,,,0,20,,10674,1,,,0,20,,10651,1,,,0,60,,10662,1,,,0,30,,10652,1,,,0,70,,10663,1,,,0,30,,10653,1,,,0,70,,10664,1,,,0,30,,10654,1,,,0,70,,10665,1,,,0,30,,10666,1,,,0,70,,10667,1,,,0
200,'Weekday',445,,10675,1,,,0,65,,10677,1,,,0,30,,10679,1,,,0,70,,10708,1,,,0,15,,10681,1,,,0,15,,10682,1,,,0,15,,10709,1,,,0,55,,10683,1,,,0,15,,10684,1,,,0,15,,10685,1,,,0,15,,10686,1,,,0,55,,10687,1,,,0,15,,10710,1,,,0,14,,10688,1,,,0,15,,10711,1,,,0,55,,10689,1,,,0,15,,10690,1,,,0,15,,10712,1,,,0,15,,10713,1,,,0,55,,10714,1,,,0,15,,10691,1,,,0,15,,10715,1,,,0,15,,10716,1,,,0,55,,10692,1,,,0,15,,10717,1,,,0,15,,10693,1,,,0,15,,10694,1,,,0,55,,10718,1,,,0,15,,10719,1,,,0,15,,10695,1,,,0,15,,10696,1,,,0,55,,10720,1,,,0,16,,10721,1,,,0,18,,10697,1,,,0,15,,10722,1,,,0,55,,10723,1,,,0,15,,10698,1,,,0,15,,10724,1,,,0,15,,10725,1,,,0,55,,10726,1,,,0,15,,10699,1,,,0,15,,10700,1,,,0,15,,10701,1,,,0,55,,10727,1,,,0,15,,10728,1,,,0,15,,10729,1,,,0,15,,10730,1,,,0,55,,10702,1,,,0,15,,10731,1,,,0,15,,10703,1,,,0,15,,10732,1,,,0,55,,10704,1,,,0,15,,10733,1,,,0,22,,10734,1,,,0,70,,10735,1,,,0,30,,10707,1,,,0,72,,10705,1,,,0,30,,10676,1,,,0,70,,10706,1,,,0,30,,10678,1,,,0,70,,10680,1,,,0,30,,10736,1,,,0
301,'Saturday',612,,11016,39,4,,0,100,,11000,39,4,,0,102,,11001,39,4,,0,100,,11002,39,4,,0,30,,11030,39,4,,0,70,,11017,39,4,,0,32,,11003,39,4,,0,60,,11018,39,4,,0,20,,11032,39,4,,0,20,,11004,39,4,,0,60,,11019,39,4,,0,20,,11033,39,4,,0,25,,11005,39,4,,0,60,,11020,39,4,,0,20,,11034,39,4,,0,20,,11006,39,4,,0,60,,11021,39,4,,0,20,,11035,39,4,,0,20,,11007,39,4,,0,65,,11022,39,4,,0,20,,11036,39,4,,0,20,,11008,39,4,,0,60,,11023,39,4,,0,20,,11031,39,4,,0,20,,11009,39,4,,0,60,,11024,39,4,,0,30,,11010,39,4,,0,70,,11025,39,4,,0,28,,11011,39,4,,0,70,,11026,39,4,,0,30,,11012,39,4,,0,70,,11027,39,4,,0,30,,11013,39,4,,0,70,,11028,39,4,,0,29,,11014,39,4,,0,70,,11029,39,4,,0,30,,11015,39,4,,0
301,'Sunday',744,,11037,39,4,,0,100,,11038,39,4,,0,100,,11039,39,4,,0,60,,11050,39,4,,0,20,,11064,39,4,,0,22,,11040,39,4,,0,60,,11051,39,4,,0,20,,11065,39,4,,0,20,,11041,39,4,,0,60,,11052,39,4,,0,20,,11066,39,4,,0,25,,11042,39,4,,0,60,,11053,39,4,,0,20,,11067,39,4,,0,20,,11043,39,4,,0,60,,11054,39,4,,0,20,,11068,39,4,,0,20,,11044,39,4,,0,65,,11055,39,4,,0,20,,11069,39,4,,0,20,,11045,39,4,,0,60,,11056,39,4,,0,20,,11070,39,4,,0,20,,11046,39,4,,0,60,,11057,39,4,,0,30,,11047,39,4,,0,70,,11058,39,4,,0,28,,11048,39,4,,0,70,,11059,39,4,,0,30,,11049,39,4,,0,70,,11060,39,4,,0,30,,11061,39,4,,0,70,,11062,39,4,,0,29,,11063,39,4,,0
301,'Weekday',509,,11123,39,4,,0,29,,11103,39,4,,0,70,,11072,39,4,,0,30,,11074,39,4,,0,15,,11121,39,4,,0,55,,11132,39,4,,0,15,,11102,39,4,,0,15,,11075,39,4,,0,15,,11120,39,4,,0,57,,11129,39,4,,0,15,,11076,39,4,,0,12,,11126,39,4,,0,15,,11124,39,4,,0,55,,11077,39,4,,0,15,,11127,39,4,,0,15,,11131,39,4,,0,15,,11125,39,4,,0,55,,11078,39,4,,0,15,,11079,39,4,,0,15,,11101,39,4,,0,15,,11100,39,4,,0,55,,11080,39,4,,0,15,,11130,39,4,,0,15,,11117,39,4,,0,15,,11081,39,4,,0,55,,11082,39,4,,0,15,,11112,39,4,,0,15,,11083,39,4,,0,15,,11116,39,4,,0,55,,11084,39,4,,0,15,,11085,39,4,,0,16,,11110,39,4,,0,15,,11086,39,4,,0,55,,11087,39,4,,0,12,,11109,39,4,,0,15,,11088,39,4,,0,15,,11089,39,4,,0,59,,11090,39,4,,0,15,,11128,39,4,,0,15,,11114,39,4,,0,15,,11122,39,4,,0,55,,11111,39,4,,0,15,,11091,39,4,,0,15,,11107,39,4,,0,15,,11092,39,4,,0,55,,11093,39,4,,0,15,,11106,39,4,,0,15,,11094,39,4,,0,15,,11115,39,4,,0,52,,11095,39,4,,0,15,,11105,39,4,,0,24,,11096,39,4,,0,57,,11119,39,4,,0,13,,11097,39,4,,0,13,,11098,39,4,,0,21,,11099,39,4,,0,70,,11118,39,4,,0,30,,11133,39,4,,0,70,,11108,39,4,,0,30,,11104,39,4,,0,70,,11113,39,4,,0,29,,11073,39,4,,0,70,,11071,39,4,,0
400,'Saturday',856,,11134,31,,,0,100,,11140,31,,,0,100,,11135,31,,,0,100,,11141,31,,,0,100,,11136,31,,,0,100,,11142,31,,,0,100,,11137,31,,,0,100,,11143,31,,,0,100,,11138,31,,,0,100,,11144,31,,,0,100,,11139,31,,,0,100,,11145,31,,,0,98,,11146,31,,,0
400,'Sunday',1156,,11147,31,,,0,100,,11151,31,,,0,100,,11148,31,,,0,100,,11152,31,,,0,100,,11149,31,,,0,100,,11153,31,,,0,100,,11150,31,,,0
400,'Weekday',558,,11154,31,,,0,101,,11155,31,,,0,142,,11156,31,,,0,23,,11157,31,,,0,77,,11158,31,,,0,29,,11159,31,,,0,70,,11160,31,,,0,30,,11161,31,,,0,70,,11162,31,,,0,30,,11163,31,,,0,70,,11164,31,,,0,30,,11165,31,,,0,70,,11166,31,,,0,30,,11167,31,,,0,70,,11168,31,,,0,30,,11169,31,,,0,70,,11170,31,,,0,31,,11171,31,,,0,69,,11172,31,,,0,30,,11173,31,,,0,70,,11174,31,,,0,30,,11175,31,,,0,73,,11176,31,,,0,28,,11180,31,,,0,70,,11177,31,,,0,57,,11178,31,,,0,100,,11179,31,,,0
1000,'Saturday',712,,11347,18,,,0,30,,11348,18,,,0,70,,11349,18,,,0,30,,11350,18,,,0,70,,11351,18,,,0,17,,11391,18,,,0,15,,11352,18,,,0,15,,11353,18,,,0,55,,11354,18,,,0,15,,11355,18,,,0,15,,11356,18,,,0,15,,11357,18,,,0,55,,11358,18,,,0,15,,11359,18,,,0,15,,11360,18,,,0,15,,11361,18,,,0,55,,11362,18,,,0,15,,11363,18,,,0,15,,11364,18,,,0,15,,11365,18,,,0,55,,11366,18,,,0,15,,11367,18,,,0,15,,11368,18,,,0,15,,11369,18,,,0,55,,11370,18,,,0,15,,11371,18,,,0,15,,11372,18,,,0,15,,11373,18,,,0,55,,11374,18,,,0,15,,11375,18,,,0,15,,11376,18,,,0,15,,11377,18,,,0,55,,11378,18,,,0,15,,11379,18,,,0,15,,11380,18,,,0,15,,11381,18,,,0,55,,11382,18,,,0,15,,11383,18,,,0,15,,11384,18,,,0,15,,11385,18,,,0,55,,11386,18,,,0,15,,11387,18,,,0,15,,11388,18,,,0,68,,11389,18,,,0,30,,11390,18,,,0,70,,11343,18,,,0,30,,11341,18,,,0,70,,11345,18,,,0,30,,11344,18,,,0,70,,11342,18,,,0,30,,11346,18,,,0
1000,'Sunday',816,,11434,18,,,0,30,,11428,18,,,0,70,,11433,18,,,0,28,,11425,18,,,0,70,,11427,18,,,0,30,,11405,18,,,0,15,,11393,18,,,0,55,,11396,18,,,0,15,,11415,18,,,0,15,,11413,18,,,0,15,,11406,18,,,0,55,,11412,18,,,0,15,,11397,18,,,0,15,,11416,18,,,0,15,,11404,18,,,0,55,,11407,18,,,0,15,,11422,18,,,0,15,,11398,18,,,0,15,,11417,18,,,0,55,,11411,18,,,0,15,,11408,18,,,0,15,,11402,18,,,0,15,,11399,18,,,0,55,,11418,18,,,0,15,,11395,18,,,0,15,,11409,18,,,0,15,,11421,18,,,0,55,,11400,18,,,0,15,,11419,18,,,0,15,,11414,18,,,0,15,,11410,18,,,0,55,,11394,18,,,0,15,,11401,18,,,0,15,,11420,18,,,0,15,,11403,18,,,0,55,,11392,18,,,0,30,,11423,18,,,0,68,,11429,18,,,0,30,,11424,18,,,0,70,,11430,18,,,0,30,,11426,18,,,0,70,,11431,18,,,0,30,,11432,18,,,0
1000,'Weekday',505,,11445,18,,,0,30,,11454,18,,,0,66,,11440,18,,,0,28,,11471,18,,,0,15,,11468,18,,,0,15,,11472,18,,,0,50,,11464,18,,,0,16,,11473,18,,,0,15,,11449,18,,,0,15,,11474,18,,,0,55,,11455,18,,,0,17,,11475,18,,,0,15,,11435,18,,,0,15,,11476,18,,,0,55,,11461,18,,,0,15,,11477,18,,,0,15,,11470,18,,,0,15,,11478,18,,,0,55,,11467,18,,,0,15,,11479,18,,,0,15,,11456,18,,,0,15,,11480,18,,,0,55,,11452,18,,,0,15,,11481,18,,,0,16,,11444,18,,,0,58,,11482,18,,,0,15,,11453,18,,,0,15,,11483,18,,,0,15,,11439,18,,,0,55,,11484,18,,,0,15,,11457,18,,,0,15,,11485,18,,,0,15,,11469,18,,,0,55,,11486,18,,,0,15,,11443,18,,,0,15,,11487,18,,,0,13,,11466,18,,,0,12,,11488,18,,,0,55,,11463,18,,,0,12,,11489,18,,,0,15,,11458,18,,,0,15,,11490,18,,,0,55,,11462,18,,,0,15,,11491,18,,,0,15,,11451,18,,,0,15,,11492,18,,,0,55,,11446,18,,,0,15,,11493,18,,,0,15,,11448,18,,,0,14,,11494,18,,,0,55,,11459,18,,,0,15,,11495,18,,,0,18,,11447,18,,,0,18,,11496,18,,,0,54,,11442,18,,,0,30,,11465,18,,,0,70,,11450,18,,,0,30,,11460,18,,,0,70,,11436,18,,,0,30,,11438,18,,,0,69,,11441,18,,,0,30,,11437,18,,,0
5000,'Saturday',2309,,12311,17,,,0,100,,12310,17,,,0,100,,12312,17,0,8 4 9 10,0
5000,'Weekday',2309,,12314,17,,,0,100,,12313,17,,,0,100,,12315,17,0,8 4 9 10,0
5201,'Saturday',2341,,12339,20,,,0,98,,12338,20,,,0
5201,'Weekday',2341,,12341,20,,,0,98,,12340,20,,,0
