100,'Saturday',652,,10201,34,,,0,55,,10202,34,,,0,15,,10203,34,,,0,15,,10204,34,,,0,15,,10205,34,,,0,55,,10206,34,,,0,17,,10207,34,,,0,15,,10208,34,,,0,15,,10209,34,,,0,55,,10210,34,,,0,16,,10211,34,,,0,16,,10212,34,,,0,15,,10213,34,,,0,55,,10190,34,,,0,15,,10177,34,,,0,15,,10184,34,,,0,15,,10167,34,,,0,55,,10191,34,,,0,15,,10175,34,,,0,13,,10214,34,,,0,14,,10178,34,,,0,54,,10174,34,,,0,14,,10168,34,,,0,14,,10192,34,,,0,14,,10199,34,,,0,54,,10179,34,,,0,14,,10215,34,,,0,14,,10173,34,,,0,14,,10169,34,,,0,14,,10165,34,,,0,54,,10166,34,,,0,14,,10180,34,,,0,14,,10197,34,,,0,14,,10216,34,,,0,54,,10193,34,,,0,14,,10187,34,,,0,14,,10189,34,,,0,14,,10181,34,,,0,54,,10164,34,,,0,14,,10170,34,,,0,14,,10217,34,,,0,15,,10194,34,,,0,53,,10186,34,,,0,15,,10176,34,,,0,14,,10182,34,,,0,15,,10185,34,,,0,13,,10171,34,,,0,53,,10195,34,,,0,12,,10200,34,,,0,15,,10188,34,,,0,15,,10183,34,,,0,55,,10198,34,,,0,15,,10172,34,,,0,15,,10196,34,,,0,15,,10154,34,,,0,70,,10158,34,,,0,30,,10161,34,,,0,70,,10155,34,,,0,30,,10159,34,,,0,70,,10162,34,,,0,30,,10156,34,,,0,70,,10160,34,,,0,29,,10163,34,,,0,68,,10157,34,,,0,26,,10218,34,,,0
100,'Sunday',652,,10263,34,,,0,55,,10264,34,,,0,15,,10265,34,,,0,15,,10266,34,,,0,15,,10267,34,,,0,55,,10268,34,,,0,17,,10269,34,,,0,15,,10270,34,,,0,15,,10271,34,,,0,55,,10272,34,,,0,16,,10273,34,,,0,16,,10274,34,,,0,15,,10275,34,,,0,55,,10252,34,,,0,15,,10239,34,,,0,15,,10246,34,,,0,15,,10229,34,,,0,55,,10253,34,,,0,15,,10237,34,,,0,13,,10276,34,,,0,14,,10240,34,,,0,54,,10236,34,,,0,14,,10230,34,,,0,14,,10254,34,,,0,14,,10261,34,,,0,54,,10241,34,,,0,14,,10277,34,,,0,14,,10235,34,,,0,14,,10231,34,,,0,14,,10227,34,,,0,54,,10228,34,,,0,14,,10242,34,,,0,14,,10259,34,,,0,14,,10278,34,,,0,54,,10255,34,,,0,14,,10249,34,,,0,14,,10251,34,,,0,14,,10243,34,,,0,54,,10226,34,,,0,14,,10232,34,,,0,14,,10279,34,,,0,15,,10256,34,,,0,53,,10248,34,,,0,15,,10238,34,,,0,14,,10244,34,,,0,15,,10247,34,,,0,13,,10233,34,,,0,53,,10257,34,,,0,12,,10262,34,,,0,15,,10250,34,,,0,15,,10245,34,,,0,55,,10260,34,,,0,15,,10234,34,,,0,18,,10258,34,,,0,18,,10219,34,,,0,70,,10222,34,,,0,30,,10224,34,,,0,70,,10220,34,,,0,30,,10223,34,,,0,70,,10225,34,,,0,30,,10221,34,,,0
100,'Weekday',507,,10280,34,,,0,15,,10281,34,,,0,12,,10282,34,,,0,12,,10283,34,,,0,54,,10284,34,,,0,12,,10285,34,,,0,12,,10286,34,,,0,12,,10287,34,,,0,12,,10288,34,,,0,53,,10289,34,,,0,12,,10290,34,,,0,12,,10291,34,,,0,12,,10292,34,,,0,12,,10293,34,,,0,54,,10294,34,,,0,12,,10295,34,,,0,12,,10296,34,,,0,12,,10297,34,,,0,12,,10298,34,,,0,52,,10299,34,,,0,12,,10300,34,,,0,12,,10301,34,,,0,12,,10302,34,,,0,12,,10303,34,,,0,52,,10304,34,,,0,12,,10305,34,,,0,12,,10306,34,,,0,12,,10307,34,,,0,12,,10308,34,,,0,52,,10309,34,,,0,12,,10310,34,,,0,12,,10311,34,,,0,13,,10312,34,,,0,12,,10313,34,,,0,52,,10314,34,,,0,12,,10315,34,,,0,13,,10316,34,,,0,13,,10317,34,,,0,12,,10318,34,,,0,52,,10319,34,,,0,12,,10320,34,,,0,11,,10321,34,,,0,12,,10322,34,,,0,13,,10323,34,,,0,51,,10324,34,,,0,12,,10325,34,,,0,12,,10326,34,,,0,10,,10327,34,,,0,11,,10328,34,,,0,51,,10329,34,,,0,11,,10330,34,,,0,10,,10331,34,,,0,10,,10332,34,,,0,11,,10333,34,,,0,11,,10334,34,,,0,50,,10335,34,,,0,10,,10336,34,,,0,11,,10337,34,,,0,10,,10338,34,,,0,11,,10339,34,,,0,11,,10340,34,,,0,51,,10341,34,,,0,10,,10342,34,,,0,10,,10343,34,,,0,12,,10344,34,,,0,12,,10345,34,,,0,48,,10346,34,,,0,11,,10347,34,,,0,11,,10348,34,,,0,11,,10349,34,,,0,11,,10350,34,,,0,12,,10351,34,,,0,52,,10352,34,,,0,12,,10353,34,,,0,8,,10354,34,,,0,12,,10355,34,,,0,12,,10356,34,,,0,52,,10357,34,,,0,12,,10358,34,,,0,12,,10359,34,,,0,12,,10360,34,,,0,12,,10361,34,,,0,55,,10362,34,,,0,13,,10363,34,,,0,15,,10364,34,,,0,15,,10365,34,,,0,55,,10366,34,,,0,15,,10367,34,,,0,15,,10368,34,,,0,15,,10369,34,,,0,55,,10370,34,,,0,15,,10371,34,,,0,20,,10372,34,,,0,15,,10373,34,,,0,55,,10374,34,,,0,15,,10375,34,,,0,15,,10376,34,,,0,15,,10377,34,,,0,55,,10378,34,,,0
600,'Saturday',750,,11240,3,,,0,100,,11239,3,,,0,106,,11238,3,,,0,100,,11237,3,,,0,100,,11236,3,,,0,100,,11235,3,,,0,100,,11234,3,,,0,100,,11233,3,,,0,100,,11232,3,,,0,100,,11231,3,,,0,100,,11230,3,,,0,100,,11229,3,,,0,100,,11228,3,,,0,100,,11227,3,,,0,100,,11226,3,,,0
600,'Sunday',850,,11241,3,,,0,106,,11242,3,,,0,100,,11243,3,,,0,100,,11244,3,,,0,100,,11245,3,,,0,100,,11246,3,,,0,102,,11247,3,,,0,100,,11248,3,,,0,100,,11249,3,,,0,100,,11250,3,,,0,100,,11251,3,,,0,100,,11252,3,,,0
600,'Weekday',557,,11253,3,,,0,70,,11254,3,,,0,30,,11255,3,,,0,70,,11256,3,,,0,25,,11257,3,,,0,75,,11258,3,,,0,30,,11259,3,,,0,70,,11260,3,,,0,30,,11261,3,,,0,70,,11262,3,,,0,30,,11263,3,,,0,70,,11264,3,,,0,30,,11265,3,,,0,70,,11266,3,,,0,30,,11267,3,,,0,70,,11268,3,,,0,30,,11269,3,,,0,65,,11270,3,,,0,33,,11271,3,,,0,73,,11272,3,,,0,79,,11276,3,,,0,33,,11277,3,,,0,66,,11278,3,,,0,26,,11279,3,,,0,70,,11280,3,,,0,30,,11281,3,,,0,70,,11282,3,,,0,100,,11273,3,,,0,100,,11274,3,,,0,100,,11275,3,,,0
5100,'Saturday',2301,,12322,3,,,0,100,,12321,3,,,0,100,,12320,3,,,0
5100,'Weekday',2301,,12325,3,,,0,100,,12324,3,,,0,100,,12323,3,,,0
8000,'Weekday',554,,12363,3,,,0,71,,12359,3,,,0,30,,12364,3,,,0,70,,12360,3,,,0,32,,12365,3,,,0,70,,12361,3,,,0,31,,12366,3,,,0,70,,12362,3,,,0,74,,12367,3,,,0,30,,12344,3,,,0,70,,12350,3,,,0,30,,12345,3,,,0,25,,12351,3,,,0,70,,12346,3,,,0,30,,12352,3,,,0,70,,12347,3,,,0,30,,12353,3,,,0,70,,12348,3,,,0,30,,12354,3,,,0,70,,12349,3,,,0,31,,12357,3,,,0,63,,12358,3,,,0,27,,12356,3,,,0,74,,12355,3,,,0,29,,12369,3,,,0,71,,12342,3,,,0,34,,12343,3,,,0
8100,'Weekday',538,,12404,3,,,0,70,,12409,3,,,0,31,,12405,3,,,0,70,,12410,3,,,0,30,,12406,3,,,0,73,,12411,3,,,0,32,,12407,3,,,0,73,,12412,3,,,0,30,,12408,3,,,0,70,,12415,3,,,0,30,,12416,3,,,0,70,,12417,3,,,0,25,,12418,3,,,0,70,,12419,3,,,0,30,,12420,3,,,0,70,,12421,3,,,0,30,,12422,3,,,0,67,,12423,3,,,0,30,,12424,3,,,0,70,,12413,3,,,0,29,,12414,3,,,0,66,,12398,3,,,0,29,,12402,3,,,0,71,,12400,3,,,0,34,,12399,3,,,0,72,,12403,3,,,0,30,,12401,3,,,0
