400,'Saturday',926,,11134,83,,,0,100,,11140,83,,,0,100,,11135,83,,,0,100,,11141,83,,,0,100,,11136,83,,,0,100,,11142,83,,,0,100,,11137,83,,,0,100,,11143,83,,,0,100,,11138,83,,,0,100,,11144,83,,,0,100,,11139,83,,,0,100,,11145,83,,,0,98,,11146,83,,,0
400,'Sunday',1226,,11147,83,,,0,100,,11151,83,,,0,100,,11148,83,,,0,100,,11152,83,,,0,100,,11149,83,,,0,100,,11153,83,,,0,100,,11150,83,,,0
400,'Weekday',625,,11154,83,,,0,101,,11155,83,,,0,105,,11156,83,,,0,23,,11157,83,,,0,77,,11158,83,,,0,69,,11159,83,,,0,31,,11160,83,,,0,70,,11161,83,,,0,30,,11162,83,,,0,70,,11163,83,,,0,30,,11164,83,,,0,70,,11165,83,,,0,30,,11166,83,,,0,70,,11167,83,,,0,30,,11168,83,,,0,70,,11169,83,,,0,33,,11170,83,,,0,71,,11171,83,,,0,27,,11172,83,,,0,70,,11173,83,,,0,30,,11174,83,,,0,70,,11175,83,,,0,31,,11176,83,,,0,67,,11180,83,,,0,30,,11177,83,,,0,96,,11178,83,,,0,99,,11179,83,,,0
1000,'Saturday',733,,11347,64,,,0,70,,11348,64,,,0,30,,11349,64,,,0,70,,11350,64,,,0,30,,11351,64,,,0,18,,11391,64,,,0,55,,11352,64,,,0,15,,11353,64,,,0,15,,11354,64,,,0,15,,11355,64,,,0,55,,11356,64,,,0,15,,11357,64,,,0,15,,11358,64,,,0,15,,11359,64,,,0,55,,11360,64,,,0,15,,11361,64,,,0,15,,11362,64,,,0,15,,11363,64,,,0,55,,11364,64,,,0,15,,11365,64,,,0,15,,11366,64,,,0,15,,11367,64,,,0,55,,11368,64,,,0,15,,11369,64,,,0,15,,11370,64,,,0,15,,11371,64,,,0,55,,11372,64,,,0,15,,11373,64,,,0,15,,11374,64,,,0,15,,11375,64,,,0,55,,11376,64,,,0,15,,11377,64,,,0,15,,11378,64,,,0,15,,11379,64,,,0,55,,11380,64,,,0,15,,11381,64,,,0,15,,11382,64,,,0,15,,11383,64,,,0,55,,11384,64,,,0,15,,11385,64,,,0,15,,11386,64,,,0,15,,11387,64,,,0,55,,11388,64,,,0,27,,11389,64,,,0,70,,11390,64,,,0,30,,11343,64,,,0,70,,11341,64,,,0,30,,11345,64,,,0,70,,11344,64,,,0,30,,11342,64,,,0,70,,11346,64,,,0
1000,'Sunday',837,,11434,64,,,0,70,,11428,64,,,0,30,,11433,64,,,0,69,,11425,64,,,0,30,,11427,64,,,0,70,,11405,64,,,0,15,,11393,64,,,0,15,,11396,64,,,0,15,,11415,64,,,0,55,,11413,64,,,0,15,,11406,64,,,0,15,,11412,64,,,0,15,,11397,64,,,0,55,,11416,64,,,0,15,,11404,64,,,0,15,,11407,64,,,0,15,,11422,64,,,0,55,,11398,64,,,0,15,,11417,64,,,0,15,,11411,64,,,0,15,,11408,64,,,0,55,,11402,64,,,0,15,,11399,64,,,0,15,,11418,64,,,0,15,,11395,64,,,0,55,,11409,64,,,0,15,,11421,64,,,0,15,,11400,64,,,0,15,,11419,64,,,0,55,,11414,64,,,0,15,,11410,64,,,0,15,,11394,64,,,0,15,,11401,64,,,0,55,,11420,64,,,0,15,,11403,64,,,0,15,,11392,64,,,0,70,,11423,64,,,0,27,,11429,64,,,0,70,,11424,64,,,0,30,,11430,64,,,0,70,,11426,64,,,0,30,,11431,64,,,0,70,,11432,64,,,0
1000,'Weekday',527,,11445,64,,,0,30,,11454,64,,,0,66,,11440,64,,,0,28,,11471,64,,,0,55,,11468,64,,,0,15,,11472,64,,,0,10,,11464,64,,,0,18,,11473,64,,,0,55,,11449,64,,,0,15,,11474,64,,,0,15,,11455,64,,,0,17,,11475,64,,,0,55,,11435,64,,,0,15,,11476,64,,,0,15,,11461,64,,,0,15,,11477,64,,,0,55,,11470,64,,,0,15,,11478,64,,,0,15,,11467,64,,,0,15,,11479,64,,,0,55,,11456,64,,,0,15,,11480,64,,,0,15,,11452,64,,,0,15,,11481,64,,,0,57,,11444,64,,,0,18,,11482,64,,,0,15,,11453,64,,,0,15,,11483,64,,,0,55,,11439,64,,,0,15,,11484,64,,,0,15,,11457,64,,,0,15,,11485,64,,,0,55,,11469,64,,,0,15,,11486,64,,,0,15,,11443,64,,,0,15,,11487,64,,,0,53,,11466,64,,,0,12,,11488,64,,,0,15,,11463,64,,,0,12,,11489,64,,,0,55,,11458,64,,,0,15,,11490,64,,,0,15,,11462,64,,,0,15,,11491,64,,,0,55,,11451,64,,,0,15,,11492,64,,,0,15,,11446,64,,,0,15,,11493,64,,,0,55,,11448,64,,,0,12,,11494,64,,,0,15,,11459,64,,,0,15,,11495,64,,,0,58,,11447,64,,,0,18,,11496,64,,,0,14,,11442,64,,,0,70,,11465,64,,,0,30,,11450,64,,,0,70,,11460,64,,,0,30,,11436,64,,,0,70,,11438,64,,,0,28,,11441,64,,,0,70,,11437,64,,,0
2501,'Saturday',732,,12201,30,,,0,70,,12202,30,,,0,30,,12200,30,,,0,70,,12203,30,,,0,30,,12199,30,,,0,70,,12204,30,,,0,30,,12198,30,,,0,70,,12205,30,,,0,30,,12197,30,,,0,70,,12206,30,,,0,30,,12196,30,,,0,70,,12207,30,,,0,30,,12195,30,,,0,70,,12208,30,,,0,30,,12194,30,,,0,70,,12209,30,,,0,30,,12193,30,,,0,70,,12210,30,,,0,30,,12192,30,,,0,70,,12211,30,,,0,30,,12191,30,,,0,70,,12212,30,,,0,30,,12190,30,,,0,70,,12213,30,,,0,30,,12189,30,,,0,70,,12214,30,,,0,30,,12216,30,,,0,70,,12215,30,,,0,30,,12217,30,,,0,70,,12218,30,,,0
2501,'Sunday',802,,12230,30,,,0,30,,12219,30,,,0,70,,12231,30,,,0,30,,12220,30,,,0,70,,12232,30,,,0,30,,12221,30,,,0,70,,12233,30,,,0,30,,12222,30,,,0,70,,12234,30,,,0,30,,12223,30,,,0,70,,12235,30,,,0,30,,12224,30,,,0,70,,12236,30,,,0,30,,12225,30,,,0,70,,12237,30,,,0,30,,12226,30,,,0,70,,12238,30,,,0,30,,12227,30,,,0,70,,12239,30,,,0,30,,12228,30,,,0,70,,12240,30,,,0,30,,12229,30,,,0,70,,12241,30,,,0,30,,12242,30,,,0,70,,12243,30,,,0,30,,12244,30,,,0,70,,12245,30,,,0,30,,12246,30,,,0
2501,'Weekday',524,,12247,30,,,0,28,,12248,30,,,0,72,,12249,30,,,0,26,,12250,30,,,0,71,,12251,30,,,0,16,,12252,30,,,0,15,,12253,30,,,0,55,,12254,30,,,0,17,,12255,30,,,0,15,,12256,30,,,0,14,,12257,30,,,0,55,,12258,30,,,0,13,,12295,30,,,0,15,,12259,30,,,0,15,,12296,30,,,0,55,,12260,30,,,0,15,,12297,30,,,0,15,,12261,30,,,0,16,,12298,30,,,0,55,,12262,30,,,0,15,,12299,30,,,0,15,,12263,30,,,0,15,,12300,30,,,0,55,,12264,30,,,0,15,,12301,30,,,0,15,,12265,30,,,0,15,,12302,30,,,0,55,,12266,30,,,0,16,,12303,30,,,0,15,,12267,30,,,0,14,,12304,30,,,0,55,,12268,30,,,0,15,,12305,30,,,0,15,,12269,30,,,0,20,,12270,30,,,0,53,,12271,30,,,0,17,,12272,30,,,0,15,,12273,30,,,0,15,,12274,30,,,0,55,,12275,30,,,0,16,,12276,30,,,0,15,,12277,30,,,0,15,,12278,30,,,0,55,,12279,30,,,0,15,,12280,30,,,0,15,,12281,30,,,0,13,,12282,30,,,0,55,,12283,30,,,0,28,,12284,30,,,0,70,,12285,30,,,0,28,,12286,30,,,0,70,,12287,30,,,0,29,,12288,30,,,0,69,,12289,30,,,0,30,,12290,30,,,0,69,,12291,30,,,0,30,,12292,30,,,0,69,,12293,30,,,0,30,,12294,30,,,0
5001,'Saturday',2329,,12317,16,,,0,100,,12316,16,,,0
5001,'Weekday',2329,,12319,16,,,0,100,,12318,16,,,0
