101,'Saturday',644,,10390,17,,,0,15,,10391,17,,,0,55,,10392,17,,,0,10,,10393,17,,,0,15,,10394,17,,,0,15,,10395,17,,,0,55,,10396,17,,,0,15,,10397,17,,,0,15,,10398,17,,,0,15,,10399,17,,,0,56,,10400,17,,,0,15,,10401,17,,,0,15,,10402,17,,,0,15,,10403,17,,,0,55,,10404,17,,,0,14,,10405,17,,,0,11,,10442,17,,,0,14,,10406,17,,,0,54,,10407,17,,,0,14,,10408,17,,,0,14,,10409,17,,,0,14,,10410,17,,,0,14,,10411,17,,,0,54,,10441,17,,,0,14,,10412,17,,,0,14,,10413,17,,,0,14,,10414,17,,,0,54,,10415,17,,,0,13,,10416,17,,,0,14,,10417,17,,,0,14,,10439,17,,,0,54,,10418,17,,,0,14,,10419,17,,,0,14,,10420,17,,,0,14,,10421,17,,,0,54,,10422,17,,,0,14,,10423,17,,,0,14,,10440,17,,,0,14,,10424,17,,,0,14,,10425,17,,,0,54,,10426,17,,,0,14,,10427,17,,,0,14,,10428,17,,,0,14,,10429,17,,,0,54,,10430,17,,,0,15,,10431,17,,,0,15,,10432,17,,,0,15,,10433,17,,,0,55,,10434,17,,,0,17,,10435,17,,,0,18,,10436,17,,,0,15,,10437,17,,,0,55,,10438,17,,,0,15,,10382,17,,,0,30,,10385,17,,,0,70,,10379,17,,,0,30,,10383,17,,,0,69,,10386,17,,,0,30,,10380,17,,,0,70,,10384,17,,,0,30,,10387,17,,,0,70,,10381,17,,,0,30,,10388,17,,,0,69,,10389,17,,,0
101,'Sunday',644,,10450,17,,,0,15,,10451,17,,,0,55,,10452,17,,,0,10,,10453,17,,,0,15,,10454,17,,,0,15,,10455,17,,,0,55,,10456,17,,,0,15,,10457,17,,,0,15,,10458,17,,,0,15,,10459,17,,,0,56,,10460,17,,,0,15,,10461,17,,,0,15,,10462,17,,,0,15,,10463,17,,,0,55,,10464,17,,,0,14,,10465,17,,,0,11,,10502,17,,,0,14,,10466,17,,,0,54,,10467,17,,,0,14,,10468,17,,,0,14,,10469,17,,,0,14,,10470,17,,,0,14,,10471,17,,,0,54,,10501,17,,,0,14,,10472,17,,,0,14,,10473,17,,,0,14,,10474,17,,,0,54,,10475,17,,,0,13,,10476,17,,,0,14,,10477,17,,,0,14,,10499,17,,,0,54,,10478,17,,,0,14,,10479,17,,,0,14,,10480,17,,,0,14,,10481,17,,,0,54,,10482,17,,,0,14,,10483,17,,,0,14,,10500,17,,,0,14,,10484,17,,,0,14,,10485,17,,,0,54,,10486,17,,,0,14,,10487,17,,,0,14,,10488,17,,,0,14,,10489,17,,,0,54,,10490,17,,,0,15,,10491,17,,,0,15,,10492,17,,,0,15,,10493,17,,,0,55,,10494,17,,,0,17,,10495,17,,,0,18,,10496,17,,,0,15,,10497,17,,,0,55,,10498,17,,,0,18,,10445,17,,,0,30,,10448,17,,,0,70,,10443,17,,,0,30,,10446,17,,,0,69,,10449,17,,,0,30,,10444,17,,,0,70,,10447,17,,,0
101,'Weekday',501,,10503,17,,,0,15,,10504,17,,,0,12,,10505,17,,,0,12,,10506,17,,,0,12,,10507,17,,,0,52,,10508,17,,,0,12,,10509,17,,,0,12,,10510,17,,,0,12,,10511,17,,,0,15,,10512,17,,,0,54,,10513,17,,,0,12,,10514,17,,,0,12,,10515,17,,,0,13,,10516,17,,,0,12,,10517,17,,,0,52,,10518,17,,,0,12,,10519,17,,,0,12,,10520,17,,,0,12,,10521,17,,,0,12,,10522,17,,,0,52,,10523,17,,,0,12,,10524,17,,,0,12,,10525,17,,,0,12,,10526,17,,,0,12,,10527,17,,,0,52,,10528,17,,,0,12,,10529,17,,,0,12,,10530,17,,,0,13,,10531,17,,,0,12,,10532,17,,,0,52,,10533,17,,,0,12,,10534,17,,,0,12,,10535,17,,,0,12,,10536,17,,,0,12,,10537,17,,,0,52,,10538,17,,,0,12,,10539,17,,,0,12,,10540,17,,,0,12,,10541,17,,,0,12,,10542,17,,,0,51,,10543,17,,,0,9,,10544,17,,,0,11,,10545,17,,,0,11,,10546,17,,,0,10,,10547,17,,,0,50,,10548,17,,,0,9,,10549,17,,,0,9,,10550,17,,,0,9,,10551,17,,,0,9,,10552,17,,,0,10,,10553,17,,,0,9,,10554,17,,,0,50,,10555,17,,,0,10,,10556,17,,,0,11,,10557,17,,,0,10,,10558,17,,,0,11,,10559,17,,,0,10,,10560,17,,,0,50,,10561,17,,,0,10,,10562,17,,,0,11,,10563,17,,,0,11,,10564,17,,,0,11,,10565,17,,,0,51,,10566,17,,,0,10,,10567,17,,,0,10,,10568,17,,,0,11,,10569,17,,,0,9,,10570,17,,,0,11,,10571,17,,,0,49,,10572,17,,,0,11,,10573,17,,,0,11,,10574,17,,,0,11,,10575,17,,,0,11,,10576,17,,,0,11,,10577,17,,,0,51,,10578,17,,,0,11,,10579,17,,,0,11,,10580,17,,,0,10,,10581,17,,,0,10,,10582,17,,,0,50,,10583,17,,,0,10,,10584,17,,,0,12,,10585,17,,,0,12,,10586,17,,,0,11,,10587,17,,,0,10,,10588,17,,,0,55,,10589,17,,,0,15,,10590,17,,,0,15,,10591,17,,,0,15,,10592,17,,,0,55,,10604,17,,,0,15,,10603,17,,,0,14,,10602,17,,,0,10,,10593,17,,,0,55,,10594,17,,,0,15,,10595,17,,,0,15,,10596,17,,,0,15,,10597,17,,,0,55,,10598,17,,,0,15,,10599,17,,,0,15,,10600,17,,,0,15,,10601,17,,,0
601,'Saturday',735,,11297,31,,,0,100,,11296,31,,,0,100,,11295,31,,,0,110,,11294,31,,,0,100,,11293,31,,,0,100,,11292,31,,,0,100,,11291,31,,,0,100,,11290,31,,,0,100,,11289,31,,,0,100,,11288,31,,,0,100,,11287,31,,,0,100,,11286,31,,,0,100,,11285,31,,,0,100,,11284,31,,,0,100,,11283,31,,,0
601,'Sunday',835,,11298,31,,,0,100,,11299,31,,,0,113,,11300,31,,,0,100,,11301,31,,,0,100,,11302,31,,,0,100,,11303,31,,,0,104,,11304,31,,,0,100,,11305,31,,,0,100,,11306,31,,,0,100,,11307,31,,,0,100,,11308,31,,,0,100,,11309,31,,,0
601,'Weekday',543,,11310,31,,,0,101,,11311,31,,,0,70,,11312,31,,,0,32,,11313,31,,,0,74,,11314,31,,,0,30,,11315,31,,,0,69,,11316,31,,,0,30,,11317,31,,,0,70,,11318,31,,,0,30,,11319,31,,,0,70,,11320,31,,,0,31,,11321,31,,,0,70,,11322,31,,,0,30,,11323,31,,,0,70,,11324,31,,,0,30,,11325,31,,,0,66,,11326,31,,,0,34,,11327,31,,,0,68,,11328,31,,,0,37,,11329,31,,,0,76,,11332,31,,,0,76,,11333,31,,,0,32,,11334,31,,,0,63,,11335,31,,,0,26,,11336,31,,,0,23,,11337,31,,,0,70,,11338,31,,,0,28,,11339,31,,,0,100,,11330,31,,,0,100,,11331,31,,,0,100,,11340,31,,,0
5001,'Saturday',2338,,12317,35,,,0,100,,12316,35,,,0
5001,'Weekday',2338,,12319,35,,,0,100,,12318,35,,,0
5101,'Saturday',2343,,12327,31,,,0,96,,12326,31,,,0
5101,'Weekday',2343,,12330,31,,,0,96,,12329,31,,,0
8001,'Weekday',523,,12376,3,,,0,30,,12382,22,,,0,71,,12377,22,,,0,30,,12383,22,,,0,73,,12378,22,,,0,30,,12384,22,,,0,76,,12379,22,,,0,70,,12385,22,,,0,30,,12380,22,,,0,70,,12386,22,,,0,30,,12381,22,,,0,70,,12387,22,,,0,30,,12392,22,,,0,70,,12388,22,,,0,26,,12393,22,,,0,30,,12389,22,,,0,70,,12394,22,,,0,30,,12390,22,,,0,73,,12395,22,,,0,70,,12391,22,,,0,29,,12397,22,,,0,69,,12371,22,,,0,33,,12375,22,,,0,23,,12372,22,,,0,70,,12373,22,,,0,30,,12396,22,,,0,67,,12370,22,,,0,30,,12374,22,,,0
8101,'Weekday',609,,12430,41,,,0,30,,12435,41,,,0,72,,12431,41,,,0,32,,12436,41,,,0,70,,12432,41,,,0,37,,12437,41,,,0,70,,12433,41,,,0,27,,12438,41,,,0,70,,12434,41,,,0,30,,12441,41,,,0,70,,12442,41,,,0,30,,12443,41,,,0,70,,12444,41,,,0,26,,12445,41,,,0,70,,12446,41,,,0,30,,12447,41,,,0,71,,12448,41,,,0,30,,12449,41,,,0,73,,12450,41,,,0,30,,12439,41,,,0,75,,12451,41,,,0,30,,12440,41,,,0,70,,12428,41,,,0,27,,12426,41,,,0,66,,12427,41,,,0,30,,12452,41,,,0,68,,12429,41,,,0
