100,'Saturday',653,,10201,35,,,0,55,,10202,35,,,0,15,,10203,35,,,0,15,,10204,35,,,0,15,,10205,35,,,0,55,,10206,35,,,0,17,,10207,35,,,0,15,,10208,35,,,0,15,,10209,35,,,0,55,,10210,35,,,0,16,,10211,35,,,0,16,,10212,35,,,0,15,,10213,35,,,0,55,,10190,35,,,0,15,,10177,35,,,0,15,,10184,35,,,0,15,,10167,35,,,0,55,,10191,35,,,0,15,,10175,35,,,0,13,,10214,35,,,0,14,,10178,35,,,0,54,,10174,35,,,0,14,,10168,35,,,0,14,,10192,35,,,0,14,,10199,35,,,0,54,,10179,35,,,0,14,,10215,35,,,0,14,,10173,35,,,0,14,,10169,35,,,0,54,,10165,35,,,0,14,,10166,35,,,0,14,,10180,35,,,0,14,,10197,35,,,0,14,,10216,35,,,0,54,,10193,35,,,0,14,,10187,35,,,0,14,,10189,35,,,0,14,,10181,35,,,0,54,,10164,35,,,0,14,,10170,35,,,0,14,,10217,35,,,0,15,,10194,35,,,0,53,,10186,35,,,0,15,,10176,35,,,0,14,,10182,35,,,0,15,,10185,35,,,0,13,,10171,35,,,0,53,,10195,35,,,0,12,,10200,35,,,0,15,,10188,35,,,0,15,,10183,35,,,0,55,,10198,35,,,0,15,,10172,35,,,0,15,,10196,35,,,0,15,,10154,35,,,0,70,,10158,35,,,0,30,,10161,35,,,0,70,,10155,35,,,0,30,,10159,35,,,0,70,,10162,35,,,0,30,,10156,35,,,0,70,,10160,35,,,0,29,,10163,35,,,0,67,,10157,35,,,0,26,,10218,35,,,0
100,'Sunday',653,,10263,35,,,0,55,,10264,35,,,0,15,,10265,35,,,0,15,,10266,35,,,0,15,,10267,35,,,0,55,,10268,35,,,0,17,,10269,35,,,0,15,,10270,35,,,0,15,,10271,35,,,0,55,,10272,35,,,0,16,,10273,35,,,0,16,,10274,35,,,0,15,,10275,35,,,0,55,,10252,35,,,0,15,,10239,35,,,0,15,,10246,35,,,0,15,,10229,35,,,0,55,,10253,35,,,0,15,,10237,35,,,0,13,,10276,35,,,0,14,,10240,35,,,0,54,,10236,35,,,0,14,,10230,35,,,0,14,,10254,35,,,0,14,,10261,35,,,0,54,,10241,35,,,0,14,,10277,35,,,0,14,,10235,35,,,0,14,,10231,35,,,0,54,,10227,35,,,0,14,,10228,35,,,0,14,,10242,35,,,0,14,,10259,35,,,0,14,,10278,35,,,0,54,,10255,35,,,0,14,,10249,35,,,0,14,,10251,35,,,0,14,,10243,35,,,0,54,,10226,35,,,0,14,,10232,35,,,0,14,,10279,35,,,0,15,,10256,35,,,0,53,,10248,35,,,0,15,,10238,35,,,0,14,,10244,35,,,0,15,,10247,35,,,0,13,,10233,35,,,0,53,,10257,35,,,0,12,,10262,35,,,0,15,,10250,35,,,0,15,,10245,35,,,0,55,,10260,35,,,0,15,,10234,35,,,0,18,,10258,35,,,0,58,,10219,35,,,0,30,,10222,35,,,0,70,,10224,35,,,0,30,,10220,35,,,0,70,,10223,35,,,0,30,,10225,35,,,0,70,,10221,35,,,0
100,'Weekday',507,,10280,35,,,0,15,,10281,35,,,0,12,,10282,35,,,0,12,,10283,35,,,0,54,,10284,35,,,0,12,,10285,35,,,0,12,,10286,35,,,0,12,,10287,35,,,0,12,,10288,35,,,0,53,,10289,35,,,0,12,,10290,35,,,0,12,,10291,35,,,0,12,,10292,35,,,0,12,,10293,35,,,0,54,,10294,35,,,0,12,,10295,35,,,0,12,,10296,35,,,0,12,,10297,35,,,0,12,,10298,35,,,0,52,,10299,35,,,0,12,,10300,35,,,0,12,,10301,35,,,0,12,,10302,35,,,0,12,,10303,35,,,0,52,,10304,35,,,0,12,,10305,35,,,0,12,,10306,35,,,0,12,,10307,35,,,0,12,,10308,35,,,0,52,,10309,35,,,0,12,,10310,35,,,0,12,,10311,35,,,0,13,,10312,35,,,0,12,,10313,35,,,0,52,,10314,35,,,0,12,,10315,35,,,0,13,,10316,35,,,0,13,,10317,35,,,0,12,,10318,35,,,0,52,,10319,35,,,0,12,,10320,35,,,0,11,,10321,35,,,0,12,,10322,35,,,0,13,,10323,35,,,0,51,,10324,35,,,0,12,,10325,35,,,0,12,,10326,35,,,0,10,,10327,35,,,0,11,,10328,35,,,0,51,,10329,35,,,0,11,,10330,35,,,0,10,,10331,35,,,0,10,,10332,35,,,0,11,,10333,35,,,0,11,,10334,35,,,0,50,,10335,35,,,0,10,,10336,35,,,0,11,,10337,35,,,0,10,,10338,35,,,0,11,,10339,35,,,0,11,,10340,35,,,0,51,,10341,35,,,0,10,,10342,35,,,0,10,,10343,35,,,0,12,,10344,35,,,0,12,,10345,35,,,0,48,,10346,35,,,0,11,,10347,35,,,0,11,,10348,35,,,0,11,,10349,35,,,0,11,,10350,35,,,0,12,,10351,35,,,0,52,,10352,35,,,0,12,,10353,35,,,0,8,,10354,35,,,0,12,,10355,35,,,0,12,,10356,35,,,0,52,,10357,35,,,0,12,,10358,35,,,0,12,,10359,35,,,0,12,,10360,35,,,0,12,,10361,35,,,0,55,,10362,35,,,0,13,,10363,35,,,0,15,,10364,35,,,0,15,,10365,35,,,0,55,,10366,35,,,0,15,,10367,35,,,0,15,,10368,35,,,0,15,,10369,35,,,0,55,,10370,35,,,0,15,,10371,35,,,0,20,,10372,35,,,0,15,,10373,35,,,0,55,,10374,35,,,0,15,,10375,35,,,0,15,,10376,35,,,0,15,,10377,35,,,0,55,,10378,35,,,0
600,'Saturday',750,,11240,4,,,0,100,,11239,4,,,0,106,,11238,4,,,0,100,,11237,4,,,0,100,,11236,4,,,0,100,,11235,4,,,0,100,,11234,4,,,0,100,,11233,4,,,0,100,,11232,4,,,0,100,,11231,4,,,0,100,,11230,4,,,0,100,,11229,4,,,0,100,,11228,4,,,0,100,,11227,4,,,0,100,,11226,4,,,0
600,'Sunday',850,,11241,4,,,0,106,,11242,4,,,0,100,,11243,4,,,0,100,,11244,4,,,0,100,,11245,4,,,0,100,,11246,4,,,0,102,,11247,4,,,0,100,,11248,4,,,0,100,,11249,4,,,0,100,,11250,4,,,0,100,,11251,4,,,0,100,,11252,4,,,0
600,'Weekday',557,,11253,4,,,0,70,,11254,4,,,0,30,,11255,4,,,0,70,,11256,4,,,0,26,,11257,4,,,0,75,,11258,4,,,0,30,,11259,4,,,0,69,,11260,4,,,0,30,,11261,4,,,0,70,,11262,4,,,0,30,,11263,4,,,0,70,,11264,4,,,0,30,,11265,4,,,0,70,,11266,4,,,0,30,,11267,4,,,0,70,,11268,4,,,0,30,,11269,4,,,0,66,,11270,4,,,0,33,,11271,4,,,0,73,,11272,4,,,0,79,,11276,4,,,0,33,,11277,4,,,0,66,,11278,4,,,0,26,,11279,4,,,0,70,,11280,4,,,0,29,,11281,4,,,0,70,,11282,4,,,0,100,,11273,4,,,0,100,,11274,4,,,0,100,,11275,4,,,0
5100,'Saturday',2302,,12322,4,,,0,100,,12321,4,,,0,100,,12320,4,,,0
5100,'Weekday',2302,,12325,4,,,0,100,,12324,4,,,0,100,,12323,4,,,0
8000,'Weekday',555,,12363,4,,,0,70,,12359,4,,,0,30,,12364,4,,,0,70,,12360,4,,,0,32,,12365,4,,,0,70,,12361,4,,,0,31,,12366,4,,,0,70,,12362,4,,,0,74,,12367,4,,,0,30,,12344,4,,,0,70,,12350,4,,,0,30,,12345,4,,,0,25,,12351,4,,,0,70,,12346,4,,,0,30,,12352,4,,,0,70,,12347,4,,,0,30,,12353,4,,,0,70,,12348,4,,,0,30,,12354,4,,,0,70,,12349,4,,,0,31,,12357,4,,,0,63,,12358,4,,,0,27,,12356,4,,,0,74,,12355,4,,,0,29,,12369,4,,,0,71,,12342,4,,,0,34,,12343,4,,,0
8100,'Weekday',539,,12404,4,,,0,70,,12409,4,,,0,31,,12405,4,,,0,70,,12410,4,,,0,30,,12406,4,,,0,73,,12411,4,,,0,32,,12407,4,,,0,73,,12412,4,,,0,30,,12408,4,,,0,70,,12415,4,,,0,30,,12416,4,,,0,70,,12417,4,,,0,25,,12418,4,,,0,70,,12419,4,,,0,30,,12420,4,,,0,70,,12421,4,,,0,30,,12422,4,,,0,67,,12423,4,,,0,30,,12424,4,,,0,70,,12413,4,,,0,29,,12414,4,,,0,66,,12398,4,,,0,29,,12402,4,,,0,71,,12400,4,,,0,34,,12399,4,,,0,72,,12403,4,,,0,30,,12401,4,,,0
