201,'Saturday',701,,10737,37,4,,0,100,,10738,37,4,,0,100,,10739,37,4,,0,30,,10767,37,4,,0,70,,10740,37,4,,0,31,,10754,37,4,,0,20,,10741,37,4,,0,60,,10768,37,4,,0,20,,10755,37,4,,0,20,,10742,37,4,,0,60,,10769,37,4,,0,25,,10756,37,4,,0,20,,10743,37,4,,0,60,,10770,37,4,,0,20,,10757,37,4,,0,20,,10744,37,4,,0,60,,10771,37,4,,0,20,,10758,37,4,,0,20,,10745,37,4,,0,65,,10772,37,4,,0,20,,10759,37,4,,0,60,,10746,37,4,,0,20,,10773,37,4,,0,20,,10760,37,4,,0,60,,10747,37,4,,0,20,,10774,37,4,,0,20,,10761,37,4,,0,60,,10748,37,4,,0,29,,10762,37,4,,0,70,,10749,37,4,,0,30,,10763,37,4,,0,70,,10750,37,4,,0,30,,10764,37,4,,0,70,,10751,37,4,,0,30,,10765,37,4,,0,70,,10752,37,4,,0,30,,10766,37,4,,0
201,'Sunday',801,,10775,37,4,,0,100,,10776,37,4,,0,30,,10799,37,4,,0,70,,10777,37,4,,0,31,,10788,37,4,,0,20,,10778,37,4,,0,60,,10808,37,4,,0,20,,10789,37,4,,0,20,,10779,37,4,,0,60,,10809,37,4,,0,25,,10790,37,4,,0,20,,10780,37,4,,0,60,,10807,37,4,,0,20,,10791,37,4,,0,20,,10781,37,4,,0,60,,10805,37,4,,0,20,,10792,37,4,,0,20,,10782,37,4,,0,65,,10803,37,4,,0,20,,10793,37,4,,0,60,,10783,37,4,,0,20,,10804,37,4,,0,20,,10794,37,4,,0,60,,10784,37,4,,0,20,,10806,37,4,,0,20,,10795,37,4,,0,60,,10785,37,4,,0,29,,10796,37,4,,0,70,,10786,37,4,,0,30,,10797,37,4,,0,70,,10787,37,4,,0,30,,10798,37,4,,0,70,,10800,37,4,,0,30,,10801,37,4,,0,70,,10802,37,4,,0
201,'Weekday',529,,10834,37,4,,0,27,,10835,37,4,,0,70,,10836,37,4,,0,16,,10837,37,4,,0,15,,10811,37,4,,0,55,,10838,37,4,,0,15,,10839,37,4,,0,17,,10812,37,4,,0,56,,10840,37,4,,0,19,,10813,37,4,,0,14,,10814,37,4,,0,15,,10841,37,4,,0,55,,10842,37,4,,0,15,,10843,37,4,,0,15,,10815,37,4,,0,14,,10844,37,4,,0,56,,10816,37,4,,0,15,,10845,37,4,,0,15,,10846,37,4,,0,15,,10847,37,4,,0,55,,10848,37,4,,0,15,,10817,37,4,,0,15,,10849,37,4,,0,15,,10850,37,4,,0,55,,10818,37,4,,0,15,,10851,37,4,,0,15,,10852,37,4,,0,15,,10819,37,4,,0,55,,10853,37,4,,0,15,,10820,37,4,,0,15,,10854,37,4,,0,15,,10821,37,4,,0,55,,10822,37,4,,0,20,,10855,37,4,,0,15,,10856,37,4,,0,15,,10823,37,4,,0,59,,10857,37,4,,0,15,,10858,37,4,,0,15,,10859,37,4,,0,15,,10860,37,4,,0,55,,10824,37,4,,0,15,,10861,37,4,,0,15,,10825,37,4,,0,14,,10862,37,4,,0,55,,10826,37,4,,0,15,,10863,37,4,,0,15,,10864,37,4,,0,15,,10865,37,4,,0,50,,10866,37,4,,0,15,,10867,37,4,,0,15,,10827,37,4,,0,16,,10868,37,4,,0,55,,10828,37,4,,0,30,,10830,37,4,,0,69,,10832,37,4,,0,30,,10869,37,4,,0,70,,10831,37,4,,0,30,,10829,37,4,,0,70,,10833,37,4,,0,29,,10870,37,4,,0,70,,10810,37,4,,0
300,'Saturday',703,,10871,1,,,0,100,,10872,1,,,0,100,,10873,1,,,0,30,,10887,1,,,0,70,,10874,1,,,0,30,,10888,1,,,0,20,,10875,1,,,0,60,,10900,1,,,0,20,,10889,1,,,0,20,,10876,1,,,0,60,,10901,1,,,0,25,,10890,1,,,0,20,,10877,1,,,0,60,,10902,1,,,0,20,,10891,1,,,0,20,,10878,1,,,0,60,,10903,1,,,0,20,,10892,1,,,0,20,,10879,1,,,0,65,,10904,1,,,0,20,,10893,1,,,0,60,,10880,1,,,0,20,,10905,1,,,0,20,,10894,1,,,0,60,,10881,1,,,0,30,,10895,1,,,0,70,,10882,1,,,0,30,,10896,1,,,0,70,,10883,1,,,0,30,,10897,1,,,0,70,,10884,1,,,0,30,,10898,1,,,0,70,,10885,1,,,0,30,,10899,1,,,0,70,,10886,1,,,0
300,'Sunday',803,,10906,1,,,0,100,,10907,1,,,0,30,,10919,1,,,0,70,,10908,1,,,0,30,,10920,1,,,0,20,,10909,1,,,0,60,,10932,1,,,0,20,,10921,1,,,0,20,,10910,1,,,0,60,,10933,1,,,0,25,,10922,1,,,0,20,,10911,1,,,0,60,,10934,1,,,0,20,,10923,1,,,0,20,,10912,1,,,0,60,,10937,1,,,0,20,,10924,1,,,0,20,,10913,1,,,0,65,,10935,1,,,0,20,,10925,1,,,0,60,,10914,1,,,0,20,,10936,1,,,0,20,,10926,1,,,0,60,,10915,1,,,0,30,,10927,1,,,0,70,,10916,1,,,0,30,,10928,1,,,0,70,,10917,1,,,0,30,,10929,1,,,0,70,,10918,1,,,0,30,,10930,1,,,0,70,,10931,1,,,0
300,'Weekday',530,,10938,1,,,0,28,,10980,1,,,0,55,,10981,1,,,0,15,,10940,1,,,0,15,,10941,1,,,0,15,,10942,1,,,0,55,,10982,1,,,0,15,,10983,1,,,0,11,,10943,1,,,0,12,,10944,1,,,0,55,,10945,1,,,0,15,,10946,1,,,0,15,,10947,1,,,0,15,,10984,1,,,0,55,,10948,1,,,0,15,,10985,1,,,0,15,,10949,1,,,0,15,,10950,1,,,0,55,,10999,1,,,0,16,,10951,1,,,0,15,,10952,1,,,0,15,,10986,1,,,0,55,,10953,1,,,0,15,,10954,1,,,0,15,,10955,1,,,0,15,,10987,1,,,0,55,,10956,1,,,0,15,,10988,1,,,0,16,,10957,1,,,0,14,,10958,1,,,0,56,,10989,1,,,0,17,,10990,1,,,0,15,,10991,1,,,0,15,,10992,1,,,0,55,,10993,1,,,0,15,,10959,1,,,0,15,,10960,1,,,0,15,,10961,1,,,0,58,,10962,1,,,0,15,,10963,1,,,0,16,,10994,1,,,0,14,,10964,1,,,0,55,,10995,1,,,0,15,,10996,1,,,0,15,,10965,1,,,0,15,,10966,1,,,0,55,,10967,1,,,0,15,,10997,1,,,0,15,,10998,1,,,0,15,,10975,1,,,0,51,,10974,1,,,0,15,,10968,1,,,0,15,,10978,1,,,0,15,,10973,1,,,0,54,,10969,1,,,0,30,,10970,1,,,0,69,,10979,1,,,0,30,,10972,1,,,0,70,,10977,1,,,0,30,,10976,1,,,0,70,,10971,1,,,0,30,,10939,1,,,0
401,'Saturday',1002,,11181,44,,,0,100,,11186,44,,,0,100,,11182,44,,,0,100,,11187,44,,,0,100,,11183,44,,,0,100,,11188,44,,,0,100,,11184,44,,,0,100,,11189,44,,,0,98,,11185,44,,,0,100,,11190,44,,,0,100,,11191,44,,,0
401,'Sunday',1102,,11199,44,,,0,100,,11195,44,,,0,100,,11192,44,,,0,100,,11196,44,,,0,100,,11193,44,,,0,100,,11197,44,,,0,100,,11194,44,,,0,98,,11198,44,,,0
401,'Weekday',601,,11200,44,,,0,101,,11201,44,,,0,27,,11202,44,,,0,73,,11203,44,,,0,31,,11204,44,,,0,70,,11205,44,,,0,30,,11206,44,,,0,70,,11207,44,,,0,30,,11208,44,,,0,70,,11209,44,,,0,30,,11210,44,,,0,70,,11211,44,,,0,30,,11212,44,,,0,70,,11213,44,,,0,30,,11214,44,,,0,70,,11215,44,,,0,31,,11216,44,,,0,70,,11217,44,,,0,30,,11218,44,,,0,74,,11219,44,,,0,30,,11220,44,,,0,66,,11221,44,,,0,28,,11222,44,,,0,70,,11223,44,,,0,102,,11224,44,,,0,99,,11225,44,,,0
1001,'Saturday',742,,11539,48,,,0,70,,11540,48,,,0,30,,11541,48,,,0,70,,11542,48,,,0,32,,11543,48,,,0,56,,11545,48,,,0,15,,11544,48,,,0,15,,11546,48,,,0,15,,11530,48,,,0,55,,11538,48,,,0,15,,11515,48,,,0,15,,11522,48,,,0,15,,11503,48,,,0,55,,11531,48,,,0,15,,11512,48,,,0,15,,11516,48,,,0,15,,11523,48,,,0,55,,11504,48,,,0,15,,11532,48,,,0,15,,11527,48,,,0,15,,11517,48,,,0,55,,11524,48,,,0,15,,11505,48,,,0,15,,11533,48,,,0,15,,11526,48,,,0,55,,11518,48,,,0,15,,11511,48,,,0,15,,11506,48,,,0,15,,11534,48,,,0,55,,11513,48,,,0,15,,11519,48,,,0,15,,11510,48,,,0,15,,11507,48,,,0,55,,11535,48,,,0,15,,11528,48,,,0,15,,11520,48,,,0,15,,11525,48,,,0,55,,11508,48,,,0,15,,11536,48,,,0,14,,11529,48,,,0,15,,11521,48,,,0,15,,11514,48,,,0,55,,11509,48,,,0,28,,11537,48,,,0,69,,11497,48,,,0,30,,11501,48,,,0,70,,11499,48,,,0,30,,11498,48,,,0,70,,11502,48,,,0,30,,11500,48,,,0
1001,'Sunday',812,,11571,48,,,0,30,,11588,48,,,0,70,,11589,48,,,0,32,,11587,48,,,0,71,,11569,48,,,0,30,,11574,48,,,0,55,,11573,48,,,0,15,,11575,48,,,0,15,,11576,48,,,0,15,,11577,48,,,0,55,,11578,48,,,0,15,,11579,48,,,0,15,,11580,48,,,0,15,,11581,48,,,0,55,,11582,48,,,0,15,,11583,48,,,0,15,,11584,48,,,0,15,,11585,48,,,0,55,,11586,48,,,0,15,,11572,48,,,0,15,,11570,48,,,0,15,,11564,48,,,0,55,,11547,48,,,0,15,,11557,48,,,0,15,,11559,48,,,0,15,,11562,48,,,0,55,,11552,48,,,0,15,,11566,48,,,0,15,,11556,48,,,0,15,,11560,48,,,0,55,,11548,48,,,0,15,,11553,48,,,0,15,,11567,48,,,0,15,,11555,48,,,0,10,,11561,48,,,0,59,,11554,48,,,0,30,,11550,48,,,0,70,,11565,48,,,0,28,,11549,48,,,0,69,,11558,48,,,0,30,,11568,48,,,0,70,,11551,48,,,0,30,,11563,48,,,0
1001,'Weekday',539,,11590,48,,,0,65,,11591,48,,,0,30,,11592,48,,,0,18,,11625,48,,,0,55,,11593,48,,,0,15,,11626,48,,,0,17,,11594,48,,,0,15,,11627,48,,,0,57,,11595,48,,,0,15,,11628,48,,,0,20,,11596,48,,,0,54,,11629,48,,,0,15,,11597,48,,,0,14,,11630,48,,,0,15,,11598,48,,,0,15,,11631,48,,,0,55,,11599,48,,,0,15,,11632,48,,,0,15,,11600,48,,,0,15,,11633,48,,,0,55,,11601,48,,,0,16,,11634,48,,,0,15,,11602,48,,,0,55,,11635,48,,,0,15,,11603,48,,,0,15,,11636,48,,,0,15,,11604,48,,,0,55,,11637,48,,,0,15,,11605,48,,,0,15,,11638,48,,,0,15,,11606,48,,,0,55,,11639,48,,,0,15,,11607,48,,,0,16,,11640,48,,,0,15,,11608,48,,,0,55,,11641,48,,,0,15,,11609,48,,,0,16,,11642,48,,,0,15,,11610,48,,,0,12,,11643,48,,,0,55,,11611,48,,,0,15,,11644,48,,,0,15,,11612,48,,,0,15,,11645,48,,,0,52,,11613,48,,,0,15,,11646,48,,,0,14,,11614,48,,,0,15,,11647,48,,,0,55,,11615,48,,,0,15,,11648,48,,,0,12,,11616,48,,,0,15,,11649,48,,,0,55,,11650,48,,,0,15,,11617,48,,,0,21,,11618,48,,,0,70,,11619,48,,,0,30,,11620,48,,,0,70,,11621,48,,,0,29,,11622,48,,,0,70,,11623,48,,,0,30,,11624,48,,,0
