400,'Saturday',926,,11134,82,,,0,100,,11140,82,,,0,100,,11135,82,,,0,100,,11141,82,,,0,100,,11136,82,,,0,100,,11142,82,,,0,100,,11137,82,,,0,100,,11143,82,,,0,100,,11138,82,,,0,100,,11144,82,,,0,100,,11139,82,,,0,100,,11145,82,,,0,98,,11146,82,,,0
400,'Sunday',1226,,11147,82,,,0,100,,11151,82,,,0,100,,11148,82,,,0,100,,11152,82,,,0,100,,11149,82,,,0,100,,11153,82,,,0,100,,11150,82,,,0
400,'Weekday',625,,11154,82,,,0,101,,11155,82,,,0,105,,11156,82,,,0,23,,11157,82,,,0,77,,11158,82,,,0,69,,11159,82,,,0,30,,11160,82,,,0,70,,11161,82,,,0,30,,11162,82,,,0,70,,11163,82,,,0,30,,11164,82,,,0,70,,11165,82,,,0,30,,11166,82,,,0,70,,11167,82,,,0,30,,11168,82,,,0,70,,11169,82,,,0,34,,11170,82,,,0,71,,11171,82,,,0,26,,11172,82,,,0,70,,11173,82,,,0,30,,11174,82,,,0,70,,11175,82,,,0,32,,11176,82,,,0,67,,11180,82,,,0,30,,11177,82,,,0,96,,11178,82,,,0,99,,11179,82,,,0
1000,'Saturday',732,,11347,63,,,0,70,,11348,63,,,0,31,,11349,63,,,0,70,,11350,63,,,0,30,,11351,63,,,0,18,,11391,63,,,0,55,,11352,63,,,0,15,,11353,63,,,0,15,,11354,63,,,0,15,,11355,63,,,0,55,,11356,63,,,0,15,,11357,63,,,0,15,,11358,63,,,0,15,,11359,63,,,0,55,,11360,63,,,0,15,,11361,63,,,0,15,,11362,63,,,0,15,,11363,63,,,0,55,,11364,63,,,0,15,,11365,63,,,0,15,,11366,63,,,0,15,,11367,63,,,0,55,,11368,63,,,0,15,,11369,63,,,0,15,,11370,63,,,0,15,,11371,63,,,0,55,,11372,63,,,0,15,,11373,63,,,0,15,,11374,63,,,0,15,,11375,63,,,0,55,,11376,63,,,0,15,,11377,63,,,0,15,,11378,63,,,0,15,,11379,63,,,0,55,,11380,63,,,0,15,,11381,63,,,0,15,,11382,63,,,0,15,,11383,63,,,0,55,,11384,63,,,0,15,,11385,63,,,0,15,,11386,63,,,0,15,,11387,63,,,0,55,,11388,63,,,0,27,,11389,63,,,0,70,,11390,63,,,0,30,,11343,63,,,0,70,,11341,63,,,0,30,,11345,63,,,0,70,,11344,63,,,0,30,,11342,63,,,0,70,,11346,63,,,0
1000,'Sunday',837,,11434,63,,,0,70,,11428,63,,,0,30,,11433,63,,,0,69,,11425,63,,,0,30,,11427,63,,,0,70,,11405,63,,,0,15,,11393,63,,,0,15,,11396,63,,,0,15,,11415,63,,,0,55,,11413,63,,,0,15,,11406,63,,,0,15,,11412,63,,,0,15,,11397,63,,,0,55,,11416,63,,,0,15,,11404,63,,,0,15,,11407,63,,,0,15,,11422,63,,,0,55,,11398,63,,,0,15,,11417,63,,,0,15,,11411,63,,,0,15,,11408,63,,,0,55,,11402,63,,,0,15,,11399,63,,,0,15,,11418,63,,,0,15,,11395,63,,,0,55,,11409,63,,,0,15,,11421,63,,,0,15,,11400,63,,,0,15,,11419,63,,,0,55,,11414,63,,,0,15,,11410,63,,,0,15,,11394,63,,,0,15,,11401,63,,,0,55,,11420,63,,,0,15,,11403,63,,,0,15,,11392,63,,,0,70,,11423,63,,,0,27,,11429,63,,,0,70,,11424,63,,,0,30,,11430,63,,,0,70,,11426,63,,,0,30,,11431,63,,,0,70,,11432,63,,,0
1000,'Weekday',526,,11445,63,,,0,30,,11454,63,,,0,66,,11440,63,,,0,29,,11471,63,,,0,55,,11468,63,,,0,15,,11472,63,,,0,10,,11464,63,,,0,17,,11473,63,,,0,55,,11449,63,,,0,15,,11474,63,,,0,15,,11455,63,,,0,17,,11475,63,,,0,55,,11435,63,,,0,15,,11476,63,,,0,15,,11461,63,,,0,15,,11477,63,,,0,55,,11470,63,,,0,15,,11478,63,,,0,15,,11467,63,,,0,15,,11479,63,,,0,55,,11456,63,,,0,15,,11480,63,,,0,15,,11452,63,,,0,15,,11481,63,,,0,57,,11444,63,,,0,18,,11482,63,,,0,15,,11453,63,,,0,15,,11483,63,,,0,55,,11439,63,,,0,15,,11484,63,,,0,15,,11457,63,,,0,15,,11485,63,,,0,55,,11469,63,,,0,15,,11486,63,,,0,15,,11443,63,,,0,15,,11487,63,,,0,54,,11466,63,,,0,12,,11488,63,,,0,15,,11463,63,,,0,12,,11489,63,,,0,55,,11458,63,,,0,15,,11490,63,,,0,15,,11462,63,,,0,15,,11491,63,,,0,55,,11451,63,,,0,15,,11492,63,,,0,15,,11446,63,,,0,15,,11493,63,,,0,55,,11448,63,,,0,12,,11494,63,,,0,15,,11459,63,,,0,15,,11495,63,,,0,58,,11447,63,,,0,18,,11496,63,,,0,14,,11442,63,,,0,70,,11465,63,,,0,30,,11450,63,,,0,70,,11460,63,,,0,30,,11436,63,,,0,70,,11438,63,,,0,27,,11441,63,,,0,70,,11437,63,,,0
2501,'Saturday',731,,12201,29,,,0,70,,12202,29,,,0,30,,12200,29,,,0,70,,12203,29,,,0,30,,12199,29,,,0,70,,12204,29,,,0,30,,12198,29,,,0,70,,12205,29,,,0,30,,12197,29,,,0,70,,12206,29,,,0,30,,12196,29,,,0,70,,12207,29,,,0,30,,12195,29,,,0,70,,12208,29,,,0,30,,12194,29,,,0,70,,12209,29,,,0,30,,12193,29,,,0,70,,12210,29,,,0,30,,12192,29,,,0,70,,12211,29,,,0,30,,12191,29,,,0,70,,12212,29,,,0,30,,12190,29,,,0,70,,12213,29,,,0,30,,12189,29,,,0,70,,12214,29,,,0,30,,12216,29,,,0,70,,12215,29,,,0,30,,12217,29,,,0,70,,12218,29,,,0
2501,'Sunday',801,,12230,29,,,0,30,,12219,29,,,0,70,,12231,29,,,0,30,,12220,29,,,0,70,,12232,29,,,0,30,,12221,29,,,0,70,,12233,29,,,0,30,,12222,29,,,0,70,,12234,29,,,0,30,,12223,29,,,0,70,,12235,29,,,0,30,,12224,29,,,0,70,,12236,29,,,0,30,,12225,29,,,0,70,,12237,29,,,0,30,,12226,29,,,0,70,,12238,29,,,0,30,,12227,29,,,0,70,,12239,29,,,0,30,,12228,29,,,0,70,,12240,29,,,0,30,,12229,29,,,0,70,,12241,29,,,0,30,,12242,29,,,0,70,,12243,29,,,0,30,,12244,29,,,0,70,,12245,29,,,0,30,,12246,29,,,0
2501,'Weekday',524,,12247,29,,,0,28,,12248,29,,,0,72,,12249,29,,,0,25,,12250,29,,,0,71,,12251,29,,,0,16,,12252,29,,,0,15,,12253,29,,,0,55,,12254,29,,,0,17,,12255,29,,,0,15,,12256,29,,,0,14,,12257,29,,,0,55,,12258,29,,,0,13,,12295,29,,,0,15,,12259,29,,,0,15,,12296,29,,,0,55,,12260,29,,,0,15,,12297,29,,,0,15,,12261,29,,,0,16,,12298,29,,,0,55,,12262,29,,,0,15,,12299,29,,,0,15,,12263,29,,,0,15,,12300,29,,,0,55,,12264,29,,,0,15,,12301,29,,,0,15,,12265,29,,,0,15,,12302,29,,,0,55,,12266,29,,,0,16,,12303,29,,,0,15,,12267,29,,,0,14,,12304,29,,,0,55,,12268,29,,,0,15,,12305,29,,,0,15,,12269,29,,,0,20,,12270,29,,,0,53,,12271,29,,,0,17,,12272,29,,,0,15,,12273,29,,,0,15,,12274,29,,,0,55,,12275,29,,,0,16,,12276,29,,,0,15,,12277,29,,,0,15,,12278,29,,,0,55,,12279,29,,,0,15,,12280,29,,,0,15,,12281,29,,,0,13,,12282,29,,,0,55,,12283,29,,,0,28,,12284,29,,,0,70,,12285,29,,,0,28,,12286,29,,,0,70,,12287,29,,,0,30,,12288,29,,,0,69,,12289,29,,,0,30,,12290,29,,,0,69,,12291,29,,,0,30,,12292,29,,,0,69,,12293,29,,,0,30,,12294,29,,,0
5001,'Saturday',2328,,12317,15,,,0,100,,12316,15,,,0
5001,'Weekday',2328,,12319,15,,,0,100,,12318,15,,,0
