100,'Saturday',651,,10201,31,,,0,55,,10202,31,,,0,15,,10203,31,,,0,15,,10204,31,,,0,15,,10205,31,,,0,55,,10206,31,,,0,17,,10207,31,,,0,15,,10208,31,,,0,15,,10209,31,,,0,55,,10210,31,,,0,16,,10211,31,,,0,16,,10212,31,,,0,15,,10213,31,,,0,55,,10190,31,,,0,15,,10177,31,,,0,15,,10184,31,,,0,15,,10167,31,,,0,55,,10191,31,,,0,15,,10175,31,,,0,13,,10214,31,,,0,14,,10178,31,,,0,54,,10174,31,,,0,14,,10168,31,,,0,14,,10192,31,,,0,14,,10199,31,,,0,54,,10179,31,,,0,14,,10215,31,,,0,14,,10173,31,,,0,14,,10169,31,,,0,14,,10165,31,,,0,54,,10166,31,,,0,14,,10180,31,,,0,14,,10197,31,,,0,14,,10216,31,,,0,54,,10193,31,,,0,14,,10187,31,,,0,14,,10189,31,,,0,14,,10181,31,,,0,54,,10164,31,,,0,14,,10170,31,,,0,14,,10217,31,,,0,15,,10194,31,,,0,53,,10186,31,,,0,15,,10176,31,,,0,14,,10182,31,,,0,15,,10185,31,,,0,13,,10171,31,,,0,53,,10195,31,,,0,12,,10200,31,,,0,15,,10188,31,,,0,15,,10183,31,,,0,55,,10198,31,,,0,15,,10172,31,,,0,15,,10196,31,,,0,15,,10154,31,,,0,70,,10158,31,,,0,30,,10161,31,,,0,70,,10155,31,,,0,30,,10159,31,,,0,70,,10162,31,,,0,30,,10156,31,,,0,70,,10160,31,,,0,29,,10163,31,,,0,68,,10157,31,,,0,26,,10218,31,,,0
100,'Sunday',651,,10263,31,,,0,55,,10264,31,,,0,15,,10265,31,,,0,15,,10266,31,,,0,15,,10267,31,,,0,55,,10268,31,,,0,17,,10269,31,,,0,15,,10270,31,,,0,15,,10271,31,,,0,55,,10272,31,,,0,16,,10273,31,,,0,16,,10274,31,,,0,15,,10275,31,,,0,55,,10252,31,,,0,15,,10239,31,,,0,15,,10246,31,,,0,15,,10229,31,,,0,55,,10253,31,,,0,15,,10237,31,,,0,13,,10276,31,,,0,14,,10240,31,,,0,54,,10236,31,,,0,14,,10230,31,,,0,14,,10254,31,,,0,14,,10261,31,,,0,54,,10241,31,,,0,14,,10277,31,,,0,14,,10235,31,,,0,14,,10231,31,,,0,14,,10227,31,,,0,54,,10228,31,,,0,14,,10242,31,,,0,14,,10259,31,,,0,14,,10278,31,,,0,54,,10255,31,,,0,14,,10249,31,,,0,14,,10251,31,,,0,14,,10243,31,,,0,54,,10226,31,,,0,14,,10232,31,,,0,14,,10279,31,,,0,15,,10256,31,,,0,53,,10248,31,,,0,15,,10238,31,,,0,14,,10244,31,,,0,15,,10247,31,,,0,13,,10233,31,,,0,53,,10257,31,,,0,12,,10262,31,,,0,15,,10250,31,,,0,15,,10245,31,,,0,55,,10260,31,,,0,15,,10234,31,,,0,18,,10258,31,,,0,18,,10219,31,,,0,70,,10222,31,,,0,30,,10224,31,,,0,70,,10220,31,,,0,30,,10223,31,,,0,70,,10225,31,,,0,30,,10221,31,,,0
100,'Weekday',506,,10280,31,,,0,15,,10281,31,,,0,12,,10282,31,,,0,12,,10283,31,,,0,14,,10284,31,,,0,52,,10285,31,,,0,12,,10286,31,,,0,12,,10287,31,,,0,12,,10288,31,,,0,53,,10289,31,,,0,12,,10290,31,,,0,12,,10291,31,,,0,12,,10292,31,,,0,12,,10293,31,,,0,54,,10294,31,,,0,12,,10295,31,,,0,12,,10296,31,,,0,12,,10297,31,,,0,12,,10298,31,,,0,52,,10299,31,,,0,12,,10300,31,,,0,12,,10301,31,,,0,12,,10302,31,,,0,12,,10303,31,,,0,52,,10304,31,,,0,12,,10305,31,,,0,12,,10306,31,,,0,12,,10307,31,,,0,12,,10308,31,,,0,52,,10309,31,,,0,12,,10310,31,,,0,12,,10311,31,,,0,13,,10312,31,,,0,12,,10313,31,,,0,52,,10314,31,,,0,12,,10315,31,,,0,13,,10316,31,,,0,13,,10317,31,,,0,12,,10318,31,,,0,52,,10319,31,,,0,12,,10320,31,,,0,11,,10321,31,,,0,12,,10322,31,,,0,13,,10323,31,,,0,51,,10324,31,,,0,12,,10325,31,,,0,12,,10326,31,,,0,10,,10327,31,,,0,11,,10328,31,,,0,51,,10329,31,,,0,11,,10330,31,,,0,10,,10331,31,,,0,10,,10332,31,,,0,11,,10333,31,,,0,11,,10334,31,,,0,50,,10335,31,,,0,10,,10336,31,,,0,11,,10337,31,,,0,10,,10338,31,,,0,11,,10339,31,,,0,11,,10340,31,,,0,51,,10341,31,,,0,10,,10342,31,,,0,10,,10343,31,,,0,12,,10344,31,,,0,12,,10345,31,,,0,8,,10346,31,,,0,51,,10347,31,,,0,11,,10348,31,,,0,11,,10349,31,,,0,11,,10350,31,,,0,12,,10351,31,,,0,52,,10352,31,,,0,12,,10353,31,,,0,8,,10354,31,,,0,12,,10355,31,,,0,12,,10356,31,,,0,52,,10357,31,,,0,12,,10358,31,,,0,12,,10359,31,,,0,12,,10360,31,,,0,12,,10361,31,,,0,55,,10362,31,,,0,13,,10363,31,,,0,15,,10364,31,,,0,15,,10365,31,,,0,55,,10366,31,,,0,15,,10367,31,,,0,15,,10368,31,,,0,15,,10369,31,,,0,55,,10370,31,,,0,15,,10371,31,,,0,20,,10372,31,,,0,15,,10373,31,,,0,55,,10374,31,,,0,15,,10375,31,,,0,15,,10376,31,,,0,15,,10377,31,,,0,55,,10378,31,,,0
200,'Saturday',622,,10605,11,,,0,100,,10606,11,,,0,100,,10607,11,,,0,101,,10608,11,,,0,30,,10621,11,,,0,60,,10609,11,,,0,20,,10635,11,,,0,20,,10622,11,,,0,60,,10610,11,,,0,20,,10636,11,,,0,20,,10623,11,,,0,60,,10611,11,,,0,20,,10637,11,,,0,25,,10624,11,,,0,60,,10612,11,,,0,20,,10638,11,,,0,20,,10625,11,,,0,60,,10613,11,,,0,20,,10639,11,,,0,20,,10626,11,,,0,65,,10614,11,,,0,20,,10640,11,,,0,60,,10627,11,,,0,20,,10615,11,,,0,20,,10641,11,,,0,60,,10628,11,,,0,20,,10616,11,,,0,30,,10629,11,,,0,70,,10617,11,,,0,30,,10630,11,,,0,69,,10618,11,,,0,30,,10631,11,,,0,70,,10619,11,,,0,30,,10632,11,,,0,70,,10620,11,,,0,30,,10633,11,,,0,100,,10634,11,,,0
200,'Sunday',752,,10642,11,,,0,100,,10643,11,,,0,101,,10644,11,,,0,60,,10655,11,,,0,20,,10668,11,,,0,20,,10645,11,,,0,60,,10656,11,,,0,20,,10669,11,,,0,20,,10646,11,,,0,60,,10657,11,,,0,20,,10670,11,,,0,25,,10647,11,,,0,60,,10658,11,,,0,20,,10671,11,,,0,20,,10648,11,,,0,60,,10659,11,,,0,20,,10672,11,,,0,20,,10649,11,,,0,65,,10660,11,,,0,20,,10673,11,,,0,60,,10650,11,,,0,20,,10661,11,,,0,20,,10674,11,,,0,60,,10651,11,,,0,20,,10662,11,,,0,30,,10652,11,,,0,70,,10663,11,,,0,30,,10653,11,,,0,69,,10664,11,,,0,30,,10654,11,,,0,70,,10665,11,,,0,30,,10666,11,,,0,70,,10667,11,,,0
200,'Weekday',449,,10675,11,,,0,65,,10677,11,,,0,30,,10679,11,,,0,71,,10708,11,,,0,15,,10681,11,,,0,15,,10682,11,,,0,55,,10709,11,,,0,15,,10683,11,,,0,15,,10684,11,,,0,16,,10685,11,,,0,55,,10686,11,,,0,15,,10687,11,,,0,15,,10710,11,,,0,14,,10688,11,,,0,55,,10711,11,,,0,15,,10689,11,,,0,15,,10690,11,,,0,15,,10712,11,,,0,55,,10713,11,,,0,15,,10714,11,,,0,15,,10691,11,,,0,15,,10715,11,,,0,55,,10716,11,,,0,15,,10692,11,,,0,15,,10717,11,,,0,15,,10693,11,,,0,55,,10694,11,,,0,15,,10718,11,,,0,15,,10719,11,,,0,15,,10695,11,,,0,55,,10696,11,,,0,15,,10720,11,,,0,16,,10721,11,,,0,18,,10697,11,,,0,55,,10722,11,,,0,15,,10723,11,,,0,15,,10698,11,,,0,15,,10724,11,,,0,55,,10725,11,,,0,15,,10726,11,,,0,15,,10699,11,,,0,15,,10700,11,,,0,55,,10701,11,,,0,15,,10727,11,,,0,15,,10728,11,,,0,15,,10729,11,,,0,55,,10730,11,,,0,15,,10702,11,,,0,15,,10731,11,,,0,15,,10703,11,,,0,55,,10732,11,,,0,14,,10704,11,,,0,15,,10733,11,,,0,22,,10734,11,,,0,70,,10735,11,,,0,30,,10707,11,,,0,71,,10705,11,,,0,30,,10676,11,,,0,70,,10706,11,,,0,30,,10678,11,,,0,70,,10680,11,,,0,30,,10736,11,,,0
201,'Saturday',649,,10737,26,,,0,100,,10738,26,,,0,100,,10739,26,,,0,70,,10767,26,,,0,30,,10740,26,,,0,72,,10754,26,,,0,20,,10741,26,,,0,60,,10768,26,,,0,20,,10755,26,,,0,20,,10742,26,,,0,60,,10769,26,,,0,25,,10756,26,,,0,20,,10743,26,,,0,60,,10770,26,,,0,20,,10757,26,,,0,20,,10744,26,,,0,60,,10771,26,,,0,20,,10758,26,,,0,20,,10745,26,,,0,65,,10772,26,,,0,20,,10759,26,,,0,20,,10746,26,,,0,60,,10773,26,,,0,20,,10760,26,,,0,20,,10747,26,,,0,60,,10774,26,,,0,20,,10761,26,,,0,20,,10748,26,,,0,68,,10762,26,,,0,30,,10749,26,,,0,70,,10763,26,,,0,30,,10750,26,,,0,70,,10764,26,,,0,30,,10751,26,,,0,70,,10765,26,,,0,30,,10752,26,,,0,70,,10766,26,,,0,30,,10753,26,,,0
201,'Sunday',749,,10775,26,,,0,100,,10776,26,,,0,70,,10799,26,,,0,30,,10777,26,,,0,72,,10788,26,,,0,20,,10778,26,,,0,60,,10808,26,,,0,20,,10789,26,,,0,20,,10779,26,,,0,60,,10809,26,,,0,25,,10790,26,,,0,20,,10780,26,,,0,60,,10807,26,,,0,20,,10791,26,,,0,20,,10781,26,,,0,60,,10805,26,,,0,20,,10792,26,,,0,20,,10782,26,,,0,65,,10803,26,,,0,20,,10793,26,,,0,20,,10783,26,,,0,60,,10804,26,,,0,20,,10794,26,,,0,20,,10784,26,,,0,60,,10806,26,,,0,20,,10795,26,,,0,20,,10785,26,,,0,68,,10796,26,,,0,30,,10786,26,,,0,70,,10797,26,,,0,30,,10787,26,,,0,70,,10798,26,,,0,30,,10800,26,,,0,70,,10801,26,,,0,30,,10802,26,,,0
201,'Weekday',519,,10834,26,,,0,27,,10835,26,,,0,70,,10836,26,,,0,15,,10837,26,,,0,15,,10811,26,,,0,55,,10838,26,,,0,15,,10839,26,,,0,17,,10812,26,,,0,14,,10840,26,,,0,58,,10813,26,,,0,14,,10814,26,,,0,15,,10841,26,,,0,15,,10842,26,,,0,55,,10843,26,,,0,15,,10815,26,,,0,14,,10844,26,,,0,16,,10816,26,,,0,55,,10845,26,,,0,15,,10846,26,,,0,15,,10847,26,,,0,15,,10848,26,,,0,55,,10817,26,,,0,15,,10849,26,,,0,15,,10850,26,,,0,15,,10818,26,,,0,55,,10851,26,,,0,15,,10852,26,,,0,15,,10819,26,,,0,15,,10853,26,,,0,55,,10820,26,,,0,15,,10854,26,,,0,15,,10821,26,,,0,15,,10822,26,,,0,60,,10855,26,,,0,15,,10856,26,,,0,15,,10823,26,,,0,18,,10857,26,,,0,55,,10858,26,,,0,15,,10859,26,,,0,15,,10860,26,,,0,15,,10824,26,,,0,55,,10861,26,,,0,15,,10825,26,,,0,15,,10862,26,,,0,14,,10826,26,,,0,55,,10863,26,,,0,15,,10864,26,,,0,15,,10865,26,,,0,12,,10866,26,,,0,55,,10867,26,,,0,15,,10827,26,,,0,17,,10868,26,,,0,13,,10828,26,,,0,70,,10830,26,,,0,32,,10832,26,,,0,70,,10869,26,,,0,30,,10831,26,,,0,70,,10829,26,,,0,30,,10833,26,,,0,70,,10870,26,,,0,30,,10810,26,,,0
1001,'Saturday',751,,11539,62,,,0,70,,11540,62,,,0,30,,11541,62,,,0,70,,11542,62,,,0,32,,11543,62,,,0,57,,11545,62,,,0,15,,11544,62,,,0,15,,11546,62,,,0,15,,11530,62,,,0,55,,11538,62,,,0,15,,11515,62,,,0,15,,11522,62,,,0,15,,11503,62,,,0,55,,11531,62,,,0,15,,11512,62,,,0,15,,11516,62,,,0,15,,11523,62,,,0,55,,11504,62,,,0,15,,11532,62,,,0,15,,11527,62,,,0,15,,11517,62,,,0,55,,11524,62,,,0,15,,11505,62,,,0,15,,11533,62,,,0,15,,11526,62,,,0,55,,11518,62,,,0,15,,11511,62,,,0,15,,11506,62,,,0,15,,11534,62,,,0,55,,11513,62,,,0,15,,11519,62,,,0,15,,11510,62,,,0,15,,11507,62,,,0,55,,11535,62,,,0,15,,11528,62,,,0,15,,11520,62,,,0,15,,11525,62,,,0,55,,11508,62,,,0,15,,11536,62,,,0,14,,11529,62,,,0,15,,11521,62,,,0,55,,11514,62,,,0,15,,11509,62,,,0,28,,11537,62,,,0,68,,11497,62,,,0,30,,11501,62,,,0,70,,11499,62,,,0,30,,11498,62,,,0,70,,11502,62,,,0,30,,11500,62,,,0
1001,'Sunday',821,,11571,62,,,0,30,,11588,62,,,0,70,,11589,62,,,0,32,,11587,62,,,0,72,,11569,62,,,0,30,,11574,62,,,0,55,,11573,62,,,0,15,,11575,62,,,0,15,,11576,62,,,0,15,,11577,62,,,0,55,,11578,62,,,0,15,,11579,62,,,0,15,,11580,62,,,0,15,,11581,62,,,0,55,,11582,62,,,0,15,,11583,62,,,0,15,,11584,62,,,0,15,,11585,62,,,0,55,,11586,62,,,0,15,,11572,62,,,0,15,,11570,62,,,0,15,,11564,62,,,0,55,,11547,62,,,0,15,,11557,62,,,0,15,,11559,62,,,0,15,,11562,62,,,0,55,,11552,62,,,0,15,,11566,62,,,0,15,,11556,62,,,0,15,,11560,62,,,0,55,,11548,62,,,0,15,,11553,62,,,0,15,,11567,62,,,0,15,,11555,62,,,0,50,,11561,62,,,0,19,,11554,62,,,0,30,,11550,62,,,0,70,,11565,62,,,0,28,,11549,62,,,0,68,,11558,62,,,0,30,,11568,62,,,0,70,,11551,62,,,0,30,,11563,62,,,0
1001,'Weekday',548,,11590,62,,,0,65,,11591,62,,,0,31,,11592,62,,,0,58,,11625,62,,,0,15,,11593,62,,,0,15,,11626,62,,,0,18,,11594,62,,,0,55,,11627,62,,,0,18,,11595,62,,,0,15,,11628,62,,,0,20,,11596,62,,,0,54,,11629,62,,,0,15,,11597,62,,,0,14,,11630,62,,,0,15,,11598,62,,,0,55,,11631,62,,,0,15,,11599,62,,,0,15,,11632,62,,,0,15,,11600,62,,,0,55,,11633,62,,,0,15,,11601,62,,,0,17,,11634,62,,,0,15,,11602,62,,,0,55,,11635,62,,,0,15,,11603,62,,,0,15,,11636,62,,,0,15,,11604,62,,,0,55,,11637,62,,,0,15,,11605,62,,,0,15,,11638,62,,,0,15,,11606,62,,,0,55,,11639,62,,,0,15,,11607,62,,,0,17,,11640,62,,,0,55,,11608,62,,,0,15,,11641,62,,,0,15,,11609,62,,,0,16,,11642,62,,,0,55,,11610,62,,,0,12,,11643,62,,,0,15,,11611,62,,,0,15,,11644,62,,,0,15,,11612,62,,,0,55,,11645,62,,,0,12,,11613,62,,,0,15,,11646,62,,,0,12,,11614,62,,,0,55,,11647,62,,,0,15,,11615,62,,,0,15,,11648,62,,,0,12,,11616,62,,,0,55,,11649,62,,,0,15,,11650,62,,,0,15,,11617,62,,,0,21,,11618,62,,,0,70,,11619,62,,,0,30,,11620,62,,,0,70,,11621,62,,,0,26,,11622,62,,,0,70,,11623,62,,,0,30,,11624,62,,,0
1201,'Saturday',747,,11993,31,,,0,70,,11996,31,,,0,30,,11992,31,,,0,70,,11997,31,,,0,30,,11991,31,,,0,70,,11998,31,,,0,35,,11990,31,,,0,65,,11999,31,,,0,30,,11989,31,,,0,70,,12000,31,,,0,30,,11988,31,,,0,70,,12001,31,,,0,30,,11987,31,,,0,70,,12002,31,,,0,35,,11986,31,,,0,65,,12003,31,,,0,30,,11985,31,,,0,70,,12004,31,,,0,30,,11984,31,,,0,70,,12005,31,,,0,30,,11983,31,,,0,70,,12006,31,,,0,30,,11982,31,,,0,70,,12007,31,,,0,30,,11981,31,,,0,68,,11995,31,,,0,30,,11980,31,,,0,70,,11994,31,,,0,30,,11979,31,,,0,70,,12008,31,,,0
1201,'Sunday',817,,12018,31,,,0,100,,12019,31,,,0,30,,12017,31,,,0,70,,12020,31,,,0,35,,12016,31,,,0,65,,12021,31,,,0,30,,12015,31,,,0,70,,12022,31,,,0,30,,12014,31,,,0,70,,12023,31,,,0,30,,12013,31,,,0,70,,12024,31,,,0,35,,12012,31,,,0,65,,12025,31,,,0,30,,12011,31,,,0,70,,12026,31,,,0,30,,12010,31,,,0,70,,12027,31,,,0,30,,12009,31,,,0,70,,12028,31,,,0,35,,12029,31,,,0,70,,12030,31,,,0,30,,12031,31,,,0,68,,12032,31,,,0,30,,12033,31,,,0,70,,12034,31,,,0,30,,12035,31,,,0
1201,'Weekday',519,,12036,31,,,0,96,,12037,31,,,0,30,,12038,31,,,0,71,,12039,31,,,0,31,,12040,31,,,0,73,,12041,31,,,0,33,,12042,31,,,0,71,,12043,31,,,0,30,,12044,31,,,0,71,,12045,31,,,0,30,,12046,31,,,0,71,,12047,31,,,0,30,,12048,31,,,0,70,,12049,31,,,0,30,,12050,31,,,0,70,,12051,31,,,0,30,,12052,31,,,0,70,,12053,31,,,0,75,,12054,31,,,0,25,,12055,31,,,0,25,,12056,31,,,0,66,,12057,31,,,0,25,,12058,31,,,0,65,,12059,31,,,0,25,,12060,31,,,0,25,,12070,31,,,0,62,,12071,31,,,0,25,,12061,31,,,0,58,,12065,31,,,0,21,,12062,31,,,0,29,,12067,31,,,0,70,,12063,31,,,0,27,,12066,31,,,0,70,,12064,31,,,0,29,,12068,31,,,0,70,,12069,31,,,0
5201,'Saturday',2345,,12339,30,,,0,98,,12338,30,,,0
5201,'Weekday',2345,,12341,30,,,0,98,,12340,30,,,0
8700,'Weekday',610,,12453,19,,,0,45,,12454,19,,,0,85,,12455,19,,,0,86,,12456,19,,,0,85,,12457,19,,,0,601,,12458,19,,,0,45,,12459,19,,,0,85,,12460,19,,,0,85,,12461,19,,,0,85,,12462,19,,,0,43,,12463,19,,,0
