101,'Saturday',644,,10390,16,,,0,15,,10391,16,,,0,55,,10392,16,,,0,10,,10393,16,,,0,15,,10394,16,,,0,15,,10395,16,,,0,55,,10396,16,,,0,15,,10397,16,,,0,15,,10398,16,,,0,15,,10399,16,,,0,56,,10400,16,,,0,15,,10401,16,,,0,15,,10402,16,,,0,15,,10403,16,,,0,55,,10404,16,,,0,14,,10405,16,,,0,11,,10442,16,,,0,14,,10406,16,,,0,54,,10407,16,,,0,14,,10408,16,,,0,14,,10409,16,,,0,14,,10410,16,,,0,14,,10411,16,,,0,54,,10441,16,,,0,14,,10412,16,,,0,14,,10413,16,,,0,14,,10414,16,,,0,54,,10415,16,,,0,13,,10416,16,,,0,14,,10417,16,,,0,14,,10439,16,,,0,54,,10418,16,,,0,14,,10419,16,,,0,14,,10420,16,,,0,14,,10421,16,,,0,54,,10422,16,,,0,14,,10423,16,,,0,14,,10440,16,,,0,14,,10424,16,,,0,14,,10425,16,,,0,54,,10426,16,,,0,14,,10427,16,,,0,14,,10428,16,,,0,14,,10429,16,,,0,54,,10430,16,,,0,15,,10431,16,,,0,15,,10432,16,,,0,15,,10433,16,,,0,55,,10434,16,,,0,17,,10435,16,,,0,18,,10436,16,,,0,15,,10437,16,,,0,55,,10438,16,,,0,15,,10382,16,,,0,30,,10385,16,,,0,70,,10379,16,,,0,30,,10383,16,,,0,69,,10386,16,,,0,30,,10380,16,,,0,70,,10384,16,,,0,30,,10387,16,,,0,70,,10381,16,,,0,30,,10388,16,,,0,69,,10389,16,,,0
101,'Sunday',644,,10450,16,,,0,15,,10451,16,,,0,55,,10452,16,,,0,10,,10453,16,,,0,15,,10454,16,,,0,15,,10455,16,,,0,55,,10456,16,,,0,15,,10457,16,,,0,15,,10458,16,,,0,15,,10459,16,,,0,56,,10460,16,,,0,15,,10461,16,,,0,15,,10462,16,,,0,15,,10463,16,,,0,55,,10464,16,,,0,14,,10465,16,,,0,11,,10502,16,,,0,14,,10466,16,,,0,54,,10467,16,,,0,14,,10468,16,,,0,14,,10469,16,,,0,14,,10470,16,,,0,14,,10471,16,,,0,54,,10501,16,,,0,14,,10472,16,,,0,14,,10473,16,,,0,14,,10474,16,,,0,54,,10475,16,,,0,13,,10476,16,,,0,14,,10477,16,,,0,14,,10499,16,,,0,54,,10478,16,,,0,14,,10479,16,,,0,14,,10480,16,,,0,14,,10481,16,,,0,54,,10482,16,,,0,14,,10483,16,,,0,14,,10500,16,,,0,14,,10484,16,,,0,14,,10485,16,,,0,54,,10486,16,,,0,14,,10487,16,,,0,14,,10488,16,,,0,14,,10489,16,,,0,54,,10490,16,,,0,15,,10491,16,,,0,15,,10492,16,,,0,15,,10493,16,,,0,55,,10494,16,,,0,17,,10495,16,,,0,18,,10496,16,,,0,15,,10497,16,,,0,55,,10498,16,,,0,18,,10445,16,,,0,30,,10448,16,,,0,70,,10443,16,,,0,30,,10446,16,,,0,69,,10449,16,,,0,30,,10444,16,,,0,70,,10447,16,,,0
101,'Weekday',501,,10503,16,,,0,15,,10504,16,,,0,12,,10505,16,,,0,12,,10506,16,,,0,12,,10507,16,,,0,52,,10508,16,,,0,12,,10509,16,,,0,12,,10510,16,,,0,12,,10511,16,,,0,15,,10512,16,,,0,54,,10513,16,,,0,12,,10514,16,,,0,12,,10515,16,,,0,13,,10516,16,,,0,12,,10517,16,,,0,52,,10518,16,,,0,12,,10519,16,,,0,12,,10520,16,,,0,12,,10521,16,,,0,12,,10522,16,,,0,52,,10523,16,,,0,12,,10524,16,,,0,12,,10525,16,,,0,12,,10526,16,,,0,12,,10527,16,,,0,52,,10528,16,,,0,12,,10529,16,,,0,12,,10530,16,,,0,13,,10531,16,,,0,12,,10532,16,,,0,52,,10533,16,,,0,12,,10534,16,,,0,12,,10535,16,,,0,12,,10536,16,,,0,12,,10537,16,,,0,52,,10538,16,,,0,12,,10539,16,,,0,12,,10540,16,,,0,12,,10541,16,,,0,12,,10542,16,,,0,51,,10543,16,,,0,9,,10544,16,,,0,11,,10545,16,,,0,11,,10546,16,,,0,10,,10547,16,,,0,50,,10548,16,,,0,9,,10549,16,,,0,9,,10550,16,,,0,9,,10551,16,,,0,9,,10552,16,,,0,10,,10553,16,,,0,9,,10554,16,,,0,50,,10555,16,,,0,10,,10556,16,,,0,11,,10557,16,,,0,10,,10558,16,,,0,11,,10559,16,,,0,10,,10560,16,,,0,50,,10561,16,,,0,10,,10562,16,,,0,11,,10563,16,,,0,11,,10564,16,,,0,11,,10565,16,,,0,51,,10566,16,,,0,10,,10567,16,,,0,10,,10568,16,,,0,11,,10569,16,,,0,9,,10570,16,,,0,11,,10571,16,,,0,49,,10572,16,,,0,11,,10573,16,,,0,11,,10574,16,,,0,11,,10575,16,,,0,11,,10576,16,,,0,11,,10577,16,,,0,51,,10578,16,,,0,11,,10579,16,,,0,11,,10580,16,,,0,10,,10581,16,,,0,10,,10582,16,,,0,50,,10583,16,,,0,10,,10584,16,,,0,12,,10585,16,,,0,12,,10586,16,,,0,11,,10587,16,,,0,10,,10588,16,,,0,55,,10589,16,,,0,15,,10590,16,,,0,15,,10591,16,,,0,15,,10592,16,,,0,55,,10604,16,,,0,15,,10603,16,,,0,14,,10602,16,,,0,10,,10593,16,,,0,55,,10594,16,,,0,15,,10595,16,,,0,15,,10596,16,,,0,15,,10597,16,,,0,55,,10598,16,,,0,15,,10599,16,,,0,15,,10600,16,,,0,15,,10601,16,,,0
601,'Saturday',734,,11297,30,,,0,100,,11296,30,,,0,100,,11295,30,,,0,110,,11294,30,,,0,100,,11293,30,,,0,100,,11292,30,,,0,100,,11291,30,,,0,100,,11290,30,,,0,100,,11289,30,,,0,100,,11288,30,,,0,100,,11287,30,,,0,100,,11286,30,,,0,100,,11285,30,,,0,100,,11284,30,,,0,100,,11283,30,,,0
601,'Sunday',834,,11298,30,,,0,100,,11299,30,,,0,113,,11300,30,,,0,100,,11301,30,,,0,100,,11302,30,,,0,100,,11303,30,,,0,104,,11304,30,,,0,100,,11305,30,,,0,100,,11306,30,,,0,100,,11307,30,,,0,100,,11308,30,,,0,100,,11309,30,,,0
601,'Weekday',543,,11310,30,,,0,101,,11311,30,,,0,70,,11312,30,,,0,32,,11313,30,,,0,74,,11314,30,,,0,30,,11315,30,,,0,69,,11316,30,,,0,30,,11317,30,,,0,70,,11318,30,,,0,30,,11319,30,,,0,70,,11320,30,,,0,31,,11321,30,,,0,70,,11322,30,,,0,30,,11323,30,,,0,70,,11324,30,,,0,30,,11325,30,,,0,66,,11326,30,,,0,34,,11327,30,,,0,68,,11328,30,,,0,36,,11329,30,,,0,76,,11332,30,,,0,76,,11333,30,,,0,32,,11334,30,,,0,63,,11335,30,,,0,26,,11336,30,,,0,23,,11337,30,,,0,70,,11338,30,,,0,28,,11339,30,,,0,100,,11330,30,,,0,100,,11331,30,,,0,100,,11340,30,,,0
5001,'Saturday',2337,,12317,34,,,0,100,,12316,34,,,0
5001,'Weekday',2337,,12319,34,,,0,100,,12318,34,,,0
5101,'Saturday',2343,,12327,30,,,0,95,,12326,30,,,0
5101,'Weekday',2343,,12330,30,,,0,95,,12329,30,,,0
8001,'Weekday',522,,12376,2,,,0,30,,12382,21,,,0,71,,12377,21,,,0,30,,12383,21,,,0,73,,12378,21,,,0,30,,12384,21,,,0,77,,12379,21,,,0,70,,12385,21,,,0,30,,12380,21,,,0,70,,12386,21,,,0,29,,12381,21,,,0,70,,12387,21,,,0,30,,12392,21,,,0,70,,12388,21,,,0,27,,12393,21,,,0,30,,12389,21,,,0,70,,12394,21,,,0,30,,12390,21,,,0,72,,12395,21,,,0,70,,12391,21,,,0,29,,12397,21,,,0,29,,12371,21,,,0,74,,12375,21,,,0,23,,12372,21,,,0,70,,12373,21,,,0,30,,12396,21,,,0,66,,12370,21,,,0,30,,12374,21,,,0
8101,'Weekday',609,,12430,40,,,0,30,,12435,40,,,0,72,,12431,40,,,0,32,,12436,40,,,0,70,,12432,40,,,0,37,,12437,40,,,0,70,,12433,40,,,0,27,,12438,40,,,0,70,,12434,40,,,0,30,,12441,40,,,0,70,,12442,40,,,0,30,,12443,40,,,0,70,,12444,40,,,0,26,,12445,40,,,0,70,,12446,40,,,0,30,,12447,40,,,0,71,,12448,40,,,0,30,,12449,40,,,0,73,,12450,40,,,0,30,,12439,40,,,0,74,,12451,40,,,0,30,,12440,40,,,0,70,,12428,40,,,0,28,,12426,40,,,0,66,,12427,40,,,0,30,,12452,40,,,0,68,,12429,40,,,0
