400,'Saturday',924,,11134,80,,,0,100,,11140,80,,,0,100,,11135,80,,,0,100,,11141,80,,,0,100,,11136,80,,,0,100,,11142,80,,,0,100,,11137,80,,,0,100,,11143,80,,,0,100,,11138,80,,,0,100,,11144,80,,,0,100,,11139,80,,,0,100,,11145,80,,,0,98,,11146,80,,,0
400,'Sunday',1224,,11147,80,,,0,100,,11151,80,,,0,100,,11148,80,,,0,100,,11152,80,,,0,100,,11149,80,,,0,100,,11153,80,,,0,100,,11150,80,,,0
400,'Weekday',624,,11154,80,,,0,101,,11155,80,,,0,105,,11156,80,,,0,23,,11157,80,,,0,77,,11158,80,,,0,29,,11159,80,,,0,70,,11160,80,,,0,30,,11161,80,,,0,70,,11162,80,,,0,30,,11163,80,,,0,70,,11164,80,,,0,30,,11165,80,,,0,70,,11166,80,,,0,30,,11167,80,,,0,70,,11168,80,,,0,30,,11169,80,,,0,73,,11170,80,,,0,71,,11171,80,,,0,27,,11172,80,,,0,70,,11173,80,,,0,30,,11174,80,,,0,70,,11175,80,,,0,32,,11176,80,,,0,27,,11180,80,,,0,70,,11177,80,,,0,96,,11178,80,,,0,99,,11179,80,,,0
1000,'Saturday',731,,11347,61,,,0,70,,11348,61,,,0,30,,11349,61,,,0,70,,11350,61,,,0,30,,11351,61,,,0,18,,11391,61,,,0,55,,11352,61,,,0,15,,11353,61,,,0,15,,11354,61,,,0,15,,11355,61,,,0,55,,11356,61,,,0,15,,11357,61,,,0,15,,11358,61,,,0,15,,11359,61,,,0,55,,11360,61,,,0,15,,11361,61,,,0,15,,11362,61,,,0,15,,11363,61,,,0,55,,11364,61,,,0,15,,11365,61,,,0,15,,11366,61,,,0,15,,11367,61,,,0,55,,11368,61,,,0,15,,11369,61,,,0,15,,11370,61,,,0,15,,11371,61,,,0,55,,11372,61,,,0,15,,11373,61,,,0,15,,11374,61,,,0,15,,11375,61,,,0,55,,11376,61,,,0,15,,11377,61,,,0,15,,11378,61,,,0,15,,11379,61,,,0,55,,11380,61,,,0,15,,11381,61,,,0,15,,11382,61,,,0,15,,11383,61,,,0,55,,11384,61,,,0,15,,11385,61,,,0,15,,11386,61,,,0,15,,11387,61,,,0,55,,11388,61,,,0,27,,11389,61,,,0,70,,11390,61,,,0,30,,11343,61,,,0,70,,11341,61,,,0,30,,11345,61,,,0,70,,11344,61,,,0,30,,11342,61,,,0,70,,11346,61,,,0
1000,'Sunday',835,,11434,61,,,0,70,,11428,61,,,0,30,,11433,61,,,0,69,,11425,61,,,0,30,,11427,61,,,0,70,,11405,61,,,0,15,,11393,61,,,0,15,,11396,61,,,0,15,,11415,61,,,0,55,,11413,61,,,0,15,,11406,61,,,0,15,,11412,61,,,0,15,,11397,61,,,0,55,,11416,61,,,0,15,,11404,61,,,0,15,,11407,61,,,0,15,,11422,61,,,0,55,,11398,61,,,0,15,,11417,61,,,0,15,,11411,61,,,0,15,,11408,61,,,0,55,,11402,61,,,0,15,,11399,61,,,0,15,,11418,61,,,0,15,,11395,61,,,0,55,,11409,61,,,0,15,,11421,61,,,0,15,,11400,61,,,0,15,,11419,61,,,0,55,,11414,61,,,0,15,,11410,61,,,0,15,,11394,61,,,0,15,,11401,61,,,0,55,,11420,61,,,0,15,,11403,61,,,0,15,,11392,61,,,0,70,,11423,61,,,0,27,,11429,61,,,0,70,,11424,61,,,0,30,,11430,61,,,0,70,,11426,61,,,0,30,,11431,61,,,0,70,,11432,61,,,0
1000,'Weekday',525,,11445,61,,,0,30,,11454,61,,,0,66,,11440,61,,,0,28,,11471,61,,,0,55,,11468,61,,,0,15,,11472,61,,,0,10,,11464,61,,,0,17,,11473,61,,,0,55,,11449,61,,,0,15,,11474,61,,,0,15,,11455,61,,,0,17,,11475,61,,,0,55,,11435,61,,,0,15,,11476,61,,,0,15,,11461,61,,,0,15,,11477,61,,,0,55,,11470,61,,,0,15,,11478,61,,,0,15,,11467,61,,,0,15,,11479,61,,,0,55,,11456,61,,,0,15,,11480,61,,,0,15,,11452,61,,,0,15,,11481,61,,,0,57,,11444,61,,,0,18,,11482,61,,,0,15,,11453,61,,,0,15,,11483,61,,,0,55,,11439,61,,,0,15,,11484,61,,,0,15,,11457,61,,,0,15,,11485,61,,,0,55,,11469,61,,,0,15,,11486,61,,,0,15,,11443,61,,,0,15,,11487,61,,,0,53,,11466,61,,,0,12,,11488,61,,,0,15,,11463,61,,,0,12,,11489,61,,,0,55,,11458,61,,,0,15,,11490,61,,,0,15,,11462,61,,,0,15,,11491,61,,,0,55,,11451,61,,,0,15,,11492,61,,,0,15,,11446,61,,,0,15,,11493,61,,,0,55,,11448,61,,,0,13,,11494,61,,,0,15,,11459,61,,,0,15,,11495,61,,,0,58,,11447,61,,,0,18,,11496,61,,,0,14,,11442,61,,,0,70,,11465,61,,,0,30,,11450,61,,,0,70,,11460,61,,,0,30,,11436,61,,,0,70,,11438,61,,,0,28,,11441,61,,,0,70,,11437,61,,,0
2501,'Saturday',730,,12201,27,,,0,70,,12202,27,,,0,30,,12200,27,,,0,70,,12203,27,,,0,30,,12199,27,,,0,70,,12204,27,,,0,30,,12198,27,,,0,70,,12205,27,,,0,30,,12197,27,,,0,70,,12206,27,,,0,30,,12196,27,,,0,70,,12207,27,,,0,30,,12195,27,,,0,70,,12208,27,,,0,30,,12194,27,,,0,70,,12209,27,,,0,30,,12193,27,,,0,70,,12210,27,,,0,30,,12192,27,,,0,70,,12211,27,,,0,30,,12191,27,,,0,70,,12212,27,,,0,30,,12190,27,,,0,70,,12213,27,,,0,30,,12189,27,,,0,70,,12214,27,,,0,30,,12216,27,,,0,70,,12215,27,,,0,30,,12217,27,,,0,70,,12218,27,,,0
2501,'Sunday',800,,12230,27,,,0,30,,12219,27,,,0,70,,12231,27,,,0,30,,12220,27,,,0,70,,12232,27,,,0,30,,12221,27,,,0,70,,12233,27,,,0,30,,12222,27,,,0,70,,12234,27,,,0,30,,12223,27,,,0,70,,12235,27,,,0,30,,12224,27,,,0,70,,12236,27,,,0,30,,12225,27,,,0,70,,12237,27,,,0,30,,12226,27,,,0,70,,12238,27,,,0,30,,12227,27,,,0,70,,12239,27,,,0,30,,12228,27,,,0,70,,12240,27,,,0,30,,12229,27,,,0,70,,12241,27,,,0,30,,12242,27,,,0,70,,12243,27,,,0,30,,12244,27,,,0,70,,12245,27,,,0,30,,12246,27,,,0
2501,'Weekday',523,,12247,27,,,0,28,,12248,27,,,0,72,,12249,27,,,0,25,,12250,27,,,0,71,,12251,27,,,0,16,,12252,27,,,0,15,,12253,27,,,0,55,,12254,27,,,0,17,,12255,27,,,0,15,,12256,27,,,0,14,,12257,27,,,0,55,,12258,27,,,0,13,,12295,27,,,0,15,,12259,27,,,0,15,,12296,27,,,0,55,,12260,27,,,0,15,,12297,27,,,0,15,,12261,27,,,0,16,,12298,27,,,0,55,,12262,27,,,0,15,,12299,27,,,0,15,,12263,27,,,0,15,,12300,27,,,0,55,,12264,27,,,0,15,,12301,27,,,0,15,,12265,27,,,0,15,,12302,27,,,0,55,,12266,27,,,0,16,,12303,27,,,0,15,,12267,27,,,0,14,,12304,27,,,0,55,,12268,27,,,0,15,,12305,27,,,0,15,,12269,27,,,0,20,,12270,27,,,0,53,,12271,27,,,0,17,,12272,27,,,0,15,,12273,27,,,0,15,,12274,27,,,0,55,,12275,27,,,0,16,,12276,27,,,0,15,,12277,27,,,0,15,,12278,27,,,0,55,,12279,27,,,0,15,,12280,27,,,0,15,,12281,27,,,0,13,,12282,27,,,0,55,,12283,27,,,0,28,,12284,27,,,0,70,,12285,27,,,0,28,,12286,27,,,0,70,,12287,27,,,0,30,,12288,27,,,0,69,,12289,27,,,0,30,,12290,27,,,0,69,,12291,27,,,0,30,,12292,27,,,0,69,,12293,27,,,0,30,,12294,27,,,0
5001,'Saturday',2327,,12317,13,,,0,100,,12316,13,,,0
5001,'Weekday',2327,,12319,13,,,0,100,,12318,13,,,0
