101,'Saturday',646,,10390,21,,,0,55,,10391,21,,,0,15,,10392,21,,,0,10,,10393,21,,,0,15,,10394,21,,,0,15,,10395,21,,,0,55,,10396,21,,,0,15,,10397,21,,,0,15,,10398,21,,,0,15,,10399,21,,,0,56,,10400,21,,,0,15,,10401,21,,,0,15,,10402,21,,,0,15,,10403,21,,,0,55,,10404,21,,,0,14,,10405,21,,,0,11,,10442,21,,,0,14,,10406,21,,,0,54,,10407,21,,,0,14,,10408,21,,,0,14,,10409,21,,,0,14,,10410,21,,,0,54,,10411,21,,,0,14,,10441,21,,,0,14,,10412,21,,,0,14,,10413,21,,,0,14,,10414,21,,,0,54,,10415,21,,,0,13,,10416,21,,,0,14,,10417,21,,,0,14,,10439,21,,,0,54,,10418,21,,,0,14,,10419,21,,,0,14,,10420,21,,,0,14,,10421,21,,,0,54,,10422,21,,,0,14,,10423,21,,,0,14,,10440,21,,,0,14,,10424,21,,,0,14,,10425,21,,,0,54,,10426,21,,,0,14,,10427,21,,,0,14,,10428,21,,,0,14,,10429,21,,,0,54,,10430,21,,,0,15,,10431,21,,,0,15,,10432,21,,,0,15,,10433,21,,,0,55,,10434,21,,,0,17,,10435,21,,,0,18,,10436,21,,,0,15,,10437,21,,,0,55,,10438,21,,,0,15,,10382,21,,,0,30,,10385,21,,,0,70,,10379,21,,,0,30,,10383,21,,,0,69,,10386,21,,,0,30,,10380,21,,,0,70,,10384,21,,,0,30,,10387,21,,,0,70,,10381,21,,,0,30,,10388,21,,,0,69,,10389,21,,,0
101,'Sunday',646,,10450,21,,,0,55,,10451,21,,,0,15,,10452,21,,,0,10,,10453,21,,,0,15,,10454,21,,,0,15,,10455,21,,,0,55,,10456,21,,,0,15,,10457,21,,,0,15,,10458,21,,,0,15,,10459,21,,,0,56,,10460,21,,,0,15,,10461,21,,,0,15,,10462,21,,,0,15,,10463,21,,,0,55,,10464,21,,,0,14,,10465,21,,,0,11,,10502,21,,,0,14,,10466,21,,,0,54,,10467,21,,,0,14,,10468,21,,,0,14,,10469,21,,,0,14,,10470,21,,,0,54,,10471,21,,,0,14,,10501,21,,,0,14,,10472,21,,,0,14,,10473,21,,,0,14,,10474,21,,,0,54,,10475,21,,,0,13,,10476,21,,,0,14,,10477,21,,,0,14,,10499,21,,,0,54,,10478,21,,,0,14,,10479,21,,,0,14,,10480,21,,,0,14,,10481,21,,,0,54,,10482,21,,,0,14,,10483,21,,,0,14,,10500,21,,,0,14,,10484,21,,,0,14,,10485,21,,,0,54,,10486,21,,,0,14,,10487,21,,,0,14,,10488,21,,,0,14,,10489,21,,,0,54,,10490,21,,,0,15,,10491,21,,,0,15,,10492,21,,,0,15,,10493,21,,,0,55,,10494,21,,,0,17,,10495,21,,,0,18,,10496,21,,,0,15,,10497,21,,,0,55,,10498,21,,,0,18,,10445,21,,,0,70,,10448,21,,,0,30,,10443,21,,,0,70,,10446,21,,,0,29,,10449,21,,,0,70,,10444,21,,,0,30,,10447,21,,,0
101,'Weekday',503,,10503,21,,,0,15,,10504,21,,,0,12,,10505,21,,,0,12,,10506,21,,,0,12,,10507,21,,,0,52,,10508,21,,,0,12,,10509,21,,,0,12,,10510,21,,,0,12,,10511,21,,,0,15,,10512,21,,,0,54,,10513,21,,,0,12,,10514,21,,,0,12,,10515,21,,,0,13,,10516,21,,,0,52,,10517,21,,,0,12,,10518,21,,,0,12,,10519,21,,,0,12,,10520,21,,,0,12,,10521,21,,,0,52,,10522,21,,,0,12,,10523,21,,,0,12,,10524,21,,,0,12,,10525,21,,,0,12,,10526,21,,,0,52,,10527,21,,,0,12,,10528,21,,,0,12,,10529,21,,,0,12,,10530,21,,,0,13,,10531,21,,,0,52,,10532,21,,,0,12,,10533,21,,,0,12,,10534,21,,,0,12,,10535,21,,,0,12,,10536,21,,,0,52,,10537,21,,,0,12,,10538,21,,,0,12,,10539,21,,,0,12,,10540,21,,,0,12,,10541,21,,,0,52,,10542,21,,,0,11,,10543,21,,,0,10,,10544,21,,,0,11,,10545,21,,,0,11,,10546,21,,,0,10,,10547,21,,,0,50,,10548,21,,,0,9,,10549,21,,,0,9,,10550,21,,,0,9,,10551,21,,,0,9,,10552,21,,,0,10,,10553,21,,,0,9,,10554,21,,,0,50,,10555,21,,,0,10,,10556,21,,,0,11,,10557,21,,,0,10,,10558,21,,,0,11,,10559,21,,,0,50,,10560,21,,,0,10,,10561,21,,,0,10,,10562,21,,,0,11,,10563,21,,,0,11,,10564,21,,,0,11,,10565,21,,,0,51,,10566,21,,,0,10,,10567,21,,,0,10,,10568,21,,,0,11,,10569,21,,,0,9,,10570,21,,,0,11,,10571,21,,,0,49,,10572,21,,,0,11,,10573,21,,,0,11,,10574,21,,,0,11,,10575,21,,,0,11,,10576,21,,,0,51,,10577,21,,,0,11,,10578,21,,,0,10,,10579,21,,,0,11,,10580,21,,,0,10,,10581,21,,,0,10,,10582,21,,,0,50,,10583,21,,,0,10,,10584,21,,,0,12,,10585,21,,,0,12,,10586,21,,,0,11,,10587,21,,,0,10,,10588,21,,,0,55,,10589,21,,,0,15,,10590,21,,,0,15,,10591,21,,,0,15,,10592,21,,,0,55,,10604,21,,,0,15,,10603,21,,,0,14,,10602,21,,,0,10,,10593,21,,,0,55,,10594,21,,,0,15,,10595,21,,,0,15,,10596,21,,,0,15,,10597,21,,,0,55,,10598,21,,,0,15,,10599,21,,,0,15,,10600,21,,,0,15,,10601,21,,,0
200,'Saturday',629,,10605,14,,,0,100,,10606,14,,,0,100,,10607,14,,,0,100,,10608,14,,,0,30,,10621,14,,,0,60,,10609,14,,,0,20,,10635,14,,,0,20,,10622,14,,,0,60,,10610,14,,,0,20,,10636,14,,,0,20,,10623,14,,,0,60,,10611,14,,,0,20,,10637,14,,,0,65,,10624,14,,,0,20,,10612,14,,,0,20,,10638,14,,,0,60,,10625,14,,,0,20,,10613,14,,,0,20,,10639,14,,,0,60,,10626,14,,,0,25,,10614,14,,,0,20,,10640,14,,,0,60,,10627,14,,,0,20,,10615,14,,,0,20,,10641,14,,,0,60,,10628,14,,,0,20,,10616,14,,,0,30,,10629,14,,,0,70,,10617,14,,,0,30,,10630,14,,,0,70,,10618,14,,,0,30,,10631,14,,,0,70,,10619,14,,,0,30,,10632,14,,,0,70,,10620,14,,,0,30,,10633,14,,,0
200,'Sunday',759,,10642,14,,,0,100,,10643,14,,,0,100,,10644,14,,,0,60,,10655,14,,,0,20,,10668,14,,,0,20,,10645,14,,,0,60,,10656,14,,,0,20,,10669,14,,,0,20,,10646,14,,,0,60,,10657,14,,,0,20,,10670,14,,,0,65,,10647,14,,,0,20,,10658,14,,,0,20,,10671,14,,,0,60,,10648,14,,,0,20,,10659,14,,,0,20,,10672,14,,,0,60,,10649,14,,,0,25,,10660,14,,,0,20,,10673,14,,,0,60,,10650,14,,,0,20,,10661,14,,,0,20,,10674,14,,,0,60,,10651,14,,,0,20,,10662,14,,,0,30,,10652,14,,,0,70,,10663,14,,,0,30,,10653,14,,,0,70,,10664,14,,,0,30,,10654,14,,,0,70,,10665,14,,,0,30,,10666,14,,,0,70,,10667,14,,,0
200,'Weekday',454,,10675,14,,,0,67,,10677,14,,,0,30,,10679,14,,,0,71,,10708,14,,,0,15,,10681,14,,,0,15,,10682,14,,,0,55,,10709,14,,,0,15,,10683,14,,,0,15,,10684,14,,,0,15,,10685,14,,,0,55,,10686,14,,,0,15,,10687,14,,,0,15,,10710,14,,,0,16,,10688,14,,,0,55,,10711,14,,,0,15,,10689,14,,,0,15,,10690,14,,,0,15,,10712,14,,,0,55,,10713,14,,,0,15,,10714,14,,,0,15,,10691,14,,,0,15,,10715,14,,,0,55,,10716,14,,,0,13,,10692,14,,,0,15,,10717,14,,,0,15,,10693,14,,,0,55,,10694,14,,,0,15,,10718,14,,,0,15,,10719,14,,,0,15,,10695,14,,,0,55,,10696,14,,,0,17,,10720,14,,,0,16,,10721,14,,,0,18,,10697,14,,,0,55,,10722,14,,,0,15,,10723,14,,,0,15,,10698,14,,,0,15,,10724,14,,,0,55,,10725,14,,,0,15,,10726,14,,,0,15,,10699,14,,,0,15,,10700,14,,,0,55,,10701,14,,,0,15,,10727,14,,,0,15,,10728,14,,,0,15,,10729,14,,,0,55,,10730,14,,,0,15,,10702,14,,,0,15,,10731,14,,,0,15,,10703,14,,,0,55,,10732,14,,,0,14,,10704,14,,,0,15,,10733,14,,,0,62,,10734,14,,,0,30,,10735,14,,,0,70,,10707,14,,,0,30,,10705,14,,,0,70,,10676,14,,,0,30,,10706,14,,,0,70,,10678,14,,,0,30,,10680,14,,,0
1000,'Saturday',704,,11347,3,,,0,30,,11348,3,,,0,70,,11349,3,,,0,30,,11350,3,,,0,70,,11351,3,,,0,15,,11391,3,,,0,15,,11352,3,,,0,15,,11353,3,,,0,55,,11354,3,,,0,15,,11355,3,,,0,15,,11356,3,,,0,15,,11357,3,,,0,55,,11358,3,,,0,15,,11359,3,,,0,15,,11360,3,,,0,15,,11361,3,,,0,55,,11362,3,,,0,15,,11363,3,,,0,15,,11364,3,,,0,15,,11365,3,,,0,55,,11366,3,,,0,15,,11367,3,,,0,15,,11368,3,,,0,15,,11369,3,,,0,55,,11370,3,,,0,15,,11371,3,,,0,15,,11372,3,,,0,15,,11373,3,,,0,55,,11374,3,,,0,15,,11375,3,,,0,15,,11376,3,,,0,15,,11377,3,,,0,55,,11378,3,,,0,15,,11379,3,,,0,15,,11380,3,,,0,15,,11381,3,,,0,55,,11382,3,,,0,15,,11383,3,,,0,15,,11384,3,,,0,15,,11385,3,,,0,55,,11386,3,,,0,15,,11387,3,,,0,15,,11388,3,,,0,70,,11389,3,,,0,30,,11390,3,,,0,70,,11343,3,,,0,30,,11341,3,,,0,70,,11345,3,,,0,30,,11344,3,,,0,70,,11342,3,,,0,30,,11346,3,,,0
1000,'Sunday',808,,11434,3,,,0,30,,11428,3,,,0,70,,11433,3,,,0,26,,11425,3,,,0,70,,11427,3,,,0,30,,11405,3,,,0,15,,11393,3,,,0,55,,11396,3,,,0,15,,11415,3,,,0,15,,11413,3,,,0,15,,11406,3,,,0,55,,11412,3,,,0,15,,11397,3,,,0,15,,11416,3,,,0,15,,11404,3,,,0,55,,11407,3,,,0,15,,11422,3,,,0,15,,11398,3,,,0,15,,11417,3,,,0,55,,11411,3,,,0,15,,11408,3,,,0,15,,11402,3,,,0,15,,11399,3,,,0,55,,11418,3,,,0,15,,11395,3,,,0,15,,11409,3,,,0,15,,11421,3,,,0,55,,11400,3,,,0,15,,11419,3,,,0,15,,11414,3,,,0,15,,11410,3,,,0,55,,11394,3,,,0,15,,11401,3,,,0,15,,11420,3,,,0,15,,11403,3,,,0,55,,11392,3,,,0,30,,11423,3,,,0,70,,11429,3,,,0,30,,11424,3,,,0,70,,11430,3,,,0,30,,11426,3,,,0,70,,11431,3,,,0,30,,11432,3,,,0
1000,'Weekday',457,,11445,3,,,0,70,,11454,3,,,0,26,,11440,3,,,0,67,,11471,3,,,0,15,,11468,3,,,0,15,,11472,3,,,0,50,,11464,3,,,0,15,,11473,3,,,0,15,,11449,3,,,0,15,,11474,3,,,0,55,,11455,3,,,0,17,,11475,3,,,0,15,,11435,3,,,0,15,,11476,3,,,0,55,,11461,3,,,0,15,,11477,3,,,0,15,,11470,3,,,0,15,,11478,3,,,0,55,,11467,3,,,0,15,,11479,3,,,0,15,,11456,3,,,0,15,,11480,3,,,0,55,,11452,3,,,0,15,,11481,3,,,0,15,,11444,3,,,0,18,,11482,3,,,0,55,,11453,3,,,0,15,,11483,3,,,0,15,,11439,3,,,0,15,,11484,3,,,0,55,,11457,3,,,0,15,,11485,3,,,0,15,,11469,3,,,0,15,,11486,3,,,0,55,,11443,3,,,0,15,,11487,3,,,0,12,,11466,3,,,0,12,,11488,3,,,0,15,,11463,3,,,0,52,,11489,3,,,0,15,,11458,3,,,0,15,,11490,3,,,0,15,,11462,3,,,0,55,,11491,3,,,0,15,,11451,3,,,0,15,,11492,3,,,0,15,,11446,3,,,0,55,,11493,3,,,0,15,,11448,3,,,0,15,,11494,3,,,0,15,,11459,3,,,0,55,,11495,3,,,0,18,,11447,3,,,0,18,,11496,3,,,0,55,,11442,3,,,0,30,,11465,3,,,0,70,,11450,3,,,0,30,,11460,3,,,0,70,,11436,3,,,0,30,,11438,3,,,0,70,,11441,3,,,0,30,,11437,3,,,0
1200,'Saturday',756,,11900,3,,,0,70,,11901,3,,,0,30,,11899,3,,,0,70,,11902,3,,,0,75,,11898,3,,,0,25,,11903,3,,,0,30,,11897,3,,,0,70,,11904,3,,,0,30,,11896,3,,,0,70,,11905,3,,,0,30,,11895,3,,,0,70,,11906,3,,,0,75,,11894,3,,,0,25,,11907,3,,,0,30,,11893,3,,,0,70,,11908,3,,,0,30,,11892,3,,,0,70,,11909,3,,,0,30,,11891,3,,,0,70,,11910,3,,,0,30,,11890,3,,,0,70,,11911,3,,,0,30,,11889,3,,,0,70,,11912,3,,,0,30,,11888,3,,,0,70,,11913,3,,,0,30,,11887,3,,,0,70,,11914,3,,,0,30,,11886,3,,,0
1200,'Sunday',826,,11925,3,,,0,30,,11924,3,,,0,70,,11926,3,,,0,75,,11923,3,,,0,25,,11927,3,,,0,30,,11922,3,,,0,70,,11928,3,,,0,30,,11921,3,,,0,70,,11929,3,,,0,30,,11920,3,,,0,70,,11930,3,,,0,75,,11919,3,,,0,25,,11931,3,,,0,30,,11918,3,,,0,70,,11932,3,,,0,30,,11917,3,,,0,70,,11933,3,,,0,30,,11916,3,,,0,70,,11934,3,,,0,75,,11915,3,,,0,30,,11935,3,,,0,70,,11936,3,,,0,30,,11937,3,,,0,70,,11938,3,,,0,30,,11939,3,,,0,70,,11940,3,,,0,30,,11941,3,,,0
1200,'Weekday',526,,11961,3,,,0,30,,11949,3,,,0,70,,11962,3,,,0,30,,11953,3,,,0,70,,11963,3,,,0,30,,11960,3,,,0,76,,11964,3,,,0,70,,11954,3,,,0,30,,11965,3,,,0,70,,11950,3,,,0,30,,11966,3,,,0,70,,11955,3,,,0,30,,11967,3,,,0,70,,11952,3,,,0,30,,11968,3,,,0,70,,11956,3,,,0,30,,11948,3,,,0,70,,11969,3,,,0,25,,11951,3,,,0,20,,11942,3,,,0,65,,11970,3,,,0,25,,11957,3,,,0,65,,11958,3,,,0,25,,11959,3,,,0,25,,11976,3,,,0,65,,11977,3,,,0,25,,11943,3,,,0,65,,11978,3,,,0,20,,11945,3,,,0,75,,11971,3,,,0,29,,11946,3,,,0,70,,11972,3,,,0,30,,11944,3,,,0,70,,11973,3,,,0,30,,11947,3,,,0,70,,11974,3,,,0,30,,11975,3,,,0
5000,'Saturday',2301,,12311,3,,,0,100,,12310,3,,,0,100,,12312,3,0,8 4 9 10,0
5000,'Weekday',2301,,12314,3,,,0,100,,12313,3,,,0,100,,12315,3,0,8 4 9 10,0
5200,'Saturday',2301,,12333,3,,,0,100,,12334,3,,,0,100,,12332,3,,,0
5200,'Weekday',2301,,12337,3,,,0,100,,12336,3,,,0,100,,12335,3,,,0
8701,'Weekday',531,,12464,3,,,0,85,,12465,3,,,0,85,,12466,3,,,0,45,,12467,3,,,0,86,,12468,3,,,0,600,,12469,3,,,0,85,,12470,3,,,0,85,,12471,3,,,0,45,,12472,3,,,0,85,,12473,3,,,0,84,,12474,3,,,0
