400,'Saturday',925,,11134,81,,,0,100,,11140,81,,,0,100,,11135,81,,,0,100,,11141,81,,,0,100,,11136,81,,,0,100,,11142,81,,,0,100,,11137,81,,,0,100,,11143,81,,,0,100,,11138,81,,,0,100,,11144,81,,,0,100,,11139,81,,,0,100,,11145,81,,,0,98,,11146,81,,,0
400,'Sunday',1225,,11147,81,,,0,100,,11151,81,,,0,100,,11148,81,,,0,100,,11152,81,,,0,100,,11149,81,,,0,100,,11153,81,,,0,100,,11150,81,,,0
400,'Weekday',624,,11154,81,,,0,101,,11155,81,,,0,105,,11156,81,,,0,23,,11157,81,,,0,77,,11158,81,,,0,29,,11159,81,,,0,70,,11160,81,,,0,30,,11161,81,,,0,70,,11162,81,,,0,30,,11163,81,,,0,70,,11164,81,,,0,30,,11165,81,,,0,70,,11166,81,,,0,30,,11167,81,,,0,70,,11168,81,,,0,30,,11169,81,,,0,74,,11170,81,,,0,71,,11171,81,,,0,26,,11172,81,,,0,70,,11173,81,,,0,30,,11174,81,,,0,70,,11175,81,,,0,32,,11176,81,,,0,27,,11180,81,,,0,70,,11177,81,,,0,96,,11178,81,,,0,99,,11179,81,,,0
1000,'Saturday',731,,11347,62,,,0,70,,11348,62,,,0,31,,11349,62,,,0,70,,11350,62,,,0,30,,11351,62,,,0,18,,11391,62,,,0,55,,11352,62,,,0,15,,11353,62,,,0,15,,11354,62,,,0,15,,11355,62,,,0,55,,11356,62,,,0,15,,11357,62,,,0,15,,11358,62,,,0,15,,11359,62,,,0,55,,11360,62,,,0,15,,11361,62,,,0,15,,11362,62,,,0,15,,11363,62,,,0,55,,11364,62,,,0,15,,11365,62,,,0,15,,11366,62,,,0,15,,11367,62,,,0,55,,11368,62,,,0,15,,11369,62,,,0,15,,11370,62,,,0,15,,11371,62,,,0,55,,11372,62,,,0,15,,11373,62,,,0,15,,11374,62,,,0,15,,11375,62,,,0,55,,11376,62,,,0,15,,11377,62,,,0,15,,11378,62,,,0,15,,11379,62,,,0,55,,11380,62,,,0,15,,11381,62,,,0,15,,11382,62,,,0,15,,11383,62,,,0,55,,11384,62,,,0,15,,11385,62,,,0,15,,11386,62,,,0,15,,11387,62,,,0,55,,11388,62,,,0,27,,11389,62,,,0,70,,11390,62,,,0,30,,11343,62,,,0,70,,11341,62,,,0,30,,11345,62,,,0,70,,11344,62,,,0,30,,11342,62,,,0,70,,11346,62,,,0
1000,'Sunday',836,,11434,62,,,0,70,,11428,62,,,0,30,,11433,62,,,0,69,,11425,62,,,0,30,,11427,62,,,0,70,,11405,62,,,0,15,,11393,62,,,0,15,,11396,62,,,0,15,,11415,62,,,0,55,,11413,62,,,0,15,,11406,62,,,0,15,,11412,62,,,0,15,,11397,62,,,0,55,,11416,62,,,0,15,,11404,62,,,0,15,,11407,62,,,0,15,,11422,62,,,0,55,,11398,62,,,0,15,,11417,62,,,0,15,,11411,62,,,0,15,,11408,62,,,0,55,,11402,62,,,0,15,,11399,62,,,0,15,,11418,62,,,0,15,,11395,62,,,0,55,,11409,62,,,0,15,,11421,62,,,0,15,,11400,62,,,0,15,,11419,62,,,0,55,,11414,62,,,0,15,,11410,62,,,0,15,,11394,62,,,0,15,,11401,62,,,0,55,,11420,62,,,0,15,,11403,62,,,0,15,,11392,62,,,0,70,,11423,62,,,0,27,,11429,62,,,0,70,,11424,62,,,0,30,,11430,62,,,0,70,,11426,62,,,0,30,,11431,62,,,0,70,,11432,62,,,0
1000,'Weekday',525,,11445,62,,,0,30,,11454,62,,,0,66,,11440,62,,,0,29,,11471,62,,,0,55,,11468,62,,,0,15,,11472,62,,,0,10,,11464,62,,,0,17,,11473,62,,,0,55,,11449,62,,,0,15,,11474,62,,,0,15,,11455,62,,,0,17,,11475,62,,,0,55,,11435,62,,,0,15,,11476,62,,,0,15,,11461,62,,,0,15,,11477,62,,,0,55,,11470,62,,,0,15,,11478,62,,,0,15,,11467,62,,,0,15,,11479,62,,,0,55,,11456,62,,,0,15,,11480,62,,,0,15,,11452,62,,,0,15,,11481,62,,,0,57,,11444,62,,,0,18,,11482,62,,,0,15,,11453,62,,,0,15,,11483,62,,,0,55,,11439,62,,,0,15,,11484,62,,,0,15,,11457,62,,,0,15,,11485,62,,,0,55,,11469,62,,,0,15,,11486,62,,,0,15,,11443,62,,,0,15,,11487,62,,,0,53,,11466,62,,,0,12,,11488,62,,,0,15,,11463,62,,,0,12,,11489,62,,,0,55,,11458,62,,,0,15,,11490,62,,,0,15,,11462,62,,,0,15,,11491,62,,,0,55,,11451,62,,,0,15,,11492,62,,,0,15,,11446,62,,,0,15,,11493,62,,,0,55,,11448,62,,,0,13,,11494,62,,,0,15,,11459,62,,,0,15,,11495,62,,,0,58,,11447,62,,,0,18,,11496,62,,,0,14,,11442,62,,,0,70,,11465,62,,,0,30,,11450,62,,,0,70,,11460,62,,,0,30,,11436,62,,,0,70,,11438,62,,,0,27,,11441,62,,,0,70,,11437,62,,,0
2501,'Saturday',730,,12201,28,,,0,70,,12202,28,,,0,30,,12200,28,,,0,70,,12203,28,,,0,30,,12199,28,,,0,70,,12204,28,,,0,30,,12198,28,,,0,70,,12205,28,,,0,30,,12197,28,,,0,70,,12206,28,,,0,30,,12196,28,,,0,70,,12207,28,,,0,30,,12195,28,,,0,70,,12208,28,,,0,30,,12194,28,,,0,70,,12209,28,,,0,30,,12193,28,,,0,70,,12210,28,,,0,30,,12192,28,,,0,70,,12211,28,,,0,30,,12191,28,,,0,70,,12212,28,,,0,30,,12190,28,,,0,70,,12213,28,,,0,30,,12189,28,,,0,70,,12214,28,,,0,30,,12216,28,,,0,70,,12215,28,,,0,30,,12217,28,,,0,70,,12218,28,,,0
2501,'Sunday',800,,12230,28,,,0,30,,12219,28,,,0,70,,12231,28,,,0,30,,12220,28,,,0,70,,12232,28,,,0,30,,12221,28,,,0,70,,12233,28,,,0,30,,12222,28,,,0,70,,12234,28,,,0,30,,12223,28,,,0,70,,12235,28,,,0,30,,12224,28,,,0,70,,12236,28,,,0,30,,12225,28,,,0,70,,12237,28,,,0,30,,12226,28,,,0,70,,12238,28,,,0,30,,12227,28,,,0,70,,12239,28,,,0,30,,12228,28,,,0,70,,12240,28,,,0,30,,12229,28,,,0,70,,12241,28,,,0,30,,12242,28,,,0,70,,12243,28,,,0,30,,12244,28,,,0,70,,12245,28,,,0,30,,12246,28,,,0
2501,'Weekday',523,,12247,28,,,0,28,,12248,28,,,0,72,,12249,28,,,0,25,,12250,28,,,0,71,,12251,28,,,0,16,,12252,28,,,0,15,,12253,28,,,0,55,,12254,28,,,0,17,,12255,28,,,0,15,,12256,28,,,0,14,,12257,28,,,0,55,,12258,28,,,0,13,,12295,28,,,0,15,,12259,28,,,0,15,,12296,28,,,0,55,,12260,28,,,0,15,,12297,28,,,0,15,,12261,28,,,0,16,,12298,28,,,0,55,,12262,28,,,0,15,,12299,28,,,0,15,,12263,28,,,0,15,,12300,28,,,0,55,,12264,28,,,0,15,,12301,28,,,0,15,,12265,28,,,0,15,,12302,28,,,0,55,,12266,28,,,0,16,,12303,28,,,0,15,,12267,28,,,0,14,,12304,28,,,0,55,,12268,28,,,0,15,,12305,28,,,0,15,,12269,28,,,0,20,,12270,28,,,0,53,,12271,28,,,0,17,,12272,28,,,0,15,,12273,28,,,0,15,,12274,28,,,0,55,,12275,28,,,0,16,,12276,28,,,0,15,,12277,28,,,0,15,,12278,28,,,0,55,,12279,28,,,0,15,,12280,28,,,0,15,,12281,28,,,0,13,,12282,28,,,0,55,,12283,28,,,0,28,,12284,28,,,0,70,,12285,28,,,0,28,,12286,28,,,0,70,,12287,28,,,0,30,,12288,28,,,0,69,,12289,28,,,0,30,,12290,28,,,0,69,,12291,28,,,0,30,,12292,28,,,0,69,,12293,28,,,0,30,,12294,28,,,0
5001,'Saturday',2328,,12317,14,,,0,100,,12316,14,,,0
5001,'Weekday',2328,,12319,14,,,0,100,,12318,14,,,0
