101,'Saturday',636,,10390,2,,,0,15,,10391,2,,,0,55,,10392,2,,,0,10,,10393,2,,,0,15,,10394,2,,,0,15,,10395,2,,,0,55,,10396,2,,,0,15,,10397,2,,,0,15,,10398,2,,,0,15,,10399,2,,,0,55,,10400,2,,,0,15,,10401,2,,,0,15,,10402,2,,,0,15,,10403,2,,,0,55,,10404,2,,,0,13,,10405,2,,,0,11,,10442,2,,,0,14,,10406,2,,,0,14,,10407,2,,,0,54,,10408,2,,,0,14,,10409,2,,,0,14,,10410,2,,,0,14,,10411,2,,,0,54,,10441,2,,,0,14,,10412,2,,,0,14,,10413,2,,,0,14,,10414,2,,,0,14,,10415,2,,,0,53,,10416,2,,,0,14,,10417,2,,,0,14,,10439,2,,,0,14,,10418,2,,,0,54,,10419,2,,,0,14,,10420,2,,,0,14,,10421,2,,,0,14,,10422,2,,,0,54,,10423,2,,,0,14,,10440,2,,,0,14,,10424,2,,,0,14,,10425,2,,,0,54,,10426,2,,,0,14,,10427,2,,,0,14,,10428,2,,,0,14,,10429,2,,,0,14,,10430,2,,,0,55,,10431,2,,,0,15,,10432,2,,,0,15,,10433,2,,,0,15,,10434,2,,,0,57,,10435,2,,,0,18,,10436,2,,,0,15,,10437,2,,,0,55,,10438,2,,,0,15,,10382,2,,,0,30,,10385,2,,,0,70,,10379,2,,,0,30,,10383,2,,,0,70,,10386,2,,,0,30,,10380,2,,,0,70,,10384,2,,,0,30,,10387,2,,,0,70,,10381,2,,,0,30,,10388,2,,,0,70,,10389,2,,,0
101,'Sunday',636,,10450,2,,,0,15,,10451,2,,,0,55,,10452,2,,,0,10,,10453,2,,,0,15,,10454,2,,,0,15,,10455,2,,,0,55,,10456,2,,,0,15,,10457,2,,,0,15,,10458,2,,,0,15,,10459,2,,,0,55,,10460,2,,,0,15,,10461,2,,,0,15,,10462,2,,,0,15,,10463,2,,,0,55,,10464,2,,,0,13,,10465,2,,,0,11,,10502,2,,,0,14,,10466,2,,,0,14,,10467,2,,,0,54,,10468,2,,,0,14,,10469,2,,,0,14,,10470,2,,,0,14,,10471,2,,,0,54,,10501,2,,,0,14,,10472,2,,,0,14,,10473,2,,,0,14,,10474,2,,,0,14,,10475,2,,,0,53,,10476,2,,,0,14,,10477,2,,,0,14,,10499,2,,,0,14,,10478,2,,,0,54,,10479,2,,,0,14,,10480,2,,,0,14,,10481,2,,,0,14,,10482,2,,,0,54,,10483,2,,,0,14,,10500,2,,,0,14,,10484,2,,,0,14,,10485,2,,,0,54,,10486,2,,,0,14,,10487,2,,,0,14,,10488,2,,,0,14,,10489,2,,,0,14,,10490,2,,,0,55,,10491,2,,,0,15,,10492,2,,,0,15,,10493,2,,,0,15,,10494,2,,,0,57,,10495,2,,,0,18,,10496,2,,,0,15,,10497,2,,,0,55,,10498,2,,,0,18,,10445,2,,,0,30,,10448,2,,,0,70,,10443,2,,,0,30,,10446,2,,,0,70,,10449,2,,,0,30,,10444,2,,,0,70,,10447,2,,,0
101,'Weekday',453,,10503,2,,,0,55,,10504,2,,,0,12,,10505,2,,,0,12,,10506,2,,,0,12,,10507,2,,,0,12,,10508,2,,,0,52,,10509,2,,,0,12,,10510,2,,,0,12,,10511,2,,,0,15,,10512,2,,,0,54,,10513,2,,,0,12,,10514,2,,,0,12,,10515,2,,,0,12,,10516,2,,,0,12,,10517,2,,,0,52,,10518,2,,,0,12,,10519,2,,,0,12,,10520,2,,,0,12,,10521,2,,,0,12,,10522,2,,,0,52,,10523,2,,,0,12,,10524,2,,,0,12,,10525,2,,,0,12,,10526,2,,,0,12,,10527,2,,,0,52,,10528,2,,,0,12,,10529,2,,,0,12,,10530,2,,,0,12,,10531,2,,,0,12,,10532,2,,,0,52,,10533,2,,,0,12,,10534,2,,,0,12,,10535,2,,,0,12,,10536,2,,,0,12,,10537,2,,,0,52,,10538,2,,,0,12,,10539,2,,,0,12,,10540,2,,,0,12,,10541,2,,,0,12,,10542,2,,,0,51,,10543,2,,,0,9,,10544,2,,,0,11,,10545,2,,,0,11,,10546,2,,,0,10,,10547,2,,,0,10,,10548,2,,,0,49,,10549,2,,,0,9,,10550,2,,,0,9,,10551,2,,,0,9,,10552,2,,,0,10,,10553,2,,,0,9,,10554,2,,,0,10,,10555,2,,,0,50,,10556,2,,,0,10,,10557,2,,,0,10,,10558,2,,,0,11,,10559,2,,,0,10,,10560,2,,,0,10,,10561,2,,,0,50,,10562,2,,,0,11,,10563,2,,,0,11,,10564,2,,,0,11,,10565,2,,,0,11,,10566,2,,,0,50,,10567,2,,,0,10,,10568,2,,,0,11,,10569,2,,,0,10,,10570,2,,,0,11,,10571,2,,,0,10,,10572,2,,,0,51,,10573,2,,,0,11,,10574,2,,,0,11,,10575,2,,,0,11,,10576,2,,,0,11,,10577,2,,,0,11,,10578,2,,,0,51,,10579,2,,,0,11,,10580,2,,,0,10,,10581,2,,,0,10,,10582,2,,,0,10,,10583,2,,,0,50,,10584,2,,,0,12,,10585,2,,,0,12,,10586,2,,,0,11,,10587,2,,,0,10,,10588,2,,,0,55,,10589,2,,,0,15,,10590,2,,,0,15,,10591,2,,,0,15,,10592,2,,,0,55,,10604,2,,,0,15,,10603,2,,,0,15,,10602,2,,,0,10,,10593,2,,,0,15,,10594,2,,,0,55,,10595,2,,,0,15,,10596,2,,,0,15,,10597,2,,,0,15,,10598,2,,,0,55,,10599,2,,,0,15,,10600,2,,,0,15,,10601,2,,,0
401,'Saturday',937,,11181,2,,,0,100,,11186,2,,,0,100,,11182,2,,,0,100,,11187,2,,,0,100,,11183,2,,,0,100,,11188,2,,,0,100,,11184,2,,,0,100,,11189,2,,,0,100,,11185,2,,,0,100,,11190,2,,,0,100,,11191,2,,,0
401,'Sunday',1037,,11199,2,,,0,100,,11195,2,,,0,100,,11192,2,,,0,100,,11196,2,,,0,100,,11193,2,,,0,100,,11197,2,,,0,100,,11194,2,,,0,100,,11198,2,,,0
401,'Weekday',537,,11200,2,,,0,100,,11201,2,,,0,70,,11202,2,,,0,30,,11203,2,,,0,70,,11204,2,,,0,30,,11205,2,,,0,70,,11206,2,,,0,30,,11207,2,,,0,70,,11208,2,,,0,30,,11209,2,,,0,70,,11210,2,,,0,30,,11211,2,,,0,70,,11212,2,,,0,30,,11213,2,,,0,70,,11214,2,,,0,30,,11215,2,,,0,70,,11216,2,,,0,30,,11217,2,,,0,70,,11218,2,,,0,34,,11219,2,,,0,70,,11220,2,,,0,26,,11221,2,,,0,70,,11222,2,,,0,30,,11223,2,,,0,102,,11224,2,,,0,100,,11225,2,,,0
1001,'Saturday',719,,11539,2,,,0,30,,11540,2,,,0,70,,11541,2,,,0,30,,11542,2,,,0,70,,11543,2,,,0,15,,11545,2,,,0,15,,11544,2,,,0,55,,11546,2,,,0,15,,11530,2,,,0,15,,11538,2,,,0,15,,11515,2,,,0,55,,11522,2,,,0,15,,11503,2,,,0,15,,11531,2,,,0,15,,11512,2,,,0,55,,11516,2,,,0,15,,11523,2,,,0,15,,11504,2,,,0,15,,11532,2,,,0,55,,11527,2,,,0,15,,11517,2,,,0,15,,11524,2,,,0,15,,11505,2,,,0,55,,11533,2,,,0,15,,11526,2,,,0,15,,11518,2,,,0,15,,11511,2,,,0,55,,11506,2,,,0,15,,11534,2,,,0,15,,11513,2,,,0,15,,11519,2,,,0,55,,11510,2,,,0,15,,11507,2,,,0,15,,11535,2,,,0,15,,11528,2,,,0,55,,11520,2,,,0,15,,11525,2,,,0,15,,11508,2,,,0,15,,11536,2,,,0,55,,11529,2,,,0,15,,11521,2,,,0,15,,11514,2,,,0,15,,11509,2,,,0,70,,11537,2,,,0,30,,11497,2,,,0,70,,11501,2,,,0,30,,11499,2,,,0,70,,11498,2,,,0,30,,11502,2,,,0,70,,11500,2,,,0
1001,'Sunday',749,,11571,2,,,0,70,,11588,2,,,0,30,,11589,2,,,0,70,,11587,2,,,0,30,,11569,2,,,0,70,,11574,2,,,0,15,,11573,2,,,0,15,,11575,2,,,0,55,,11576,2,,,0,15,,11577,2,,,0,15,,11578,2,,,0,15,,11579,2,,,0,55,,11580,2,,,0,15,,11581,2,,,0,15,,11582,2,,,0,15,,11583,2,,,0,55,,11584,2,,,0,15,,11585,2,,,0,15,,11586,2,,,0,15,,11572,2,,,0,55,,11570,2,,,0,15,,11564,2,,,0,15,,11547,2,,,0,15,,11557,2,,,0,55,,11559,2,,,0,15,,11562,2,,,0,15,,11552,2,,,0,15,,11566,2,,,0,55,,11556,2,,,0,15,,11560,2,,,0,15,,11548,2,,,0,15,,11553,2,,,0,55,,11567,2,,,0,15,,11555,2,,,0,10,,11561,2,,,0,19,,11554,2,,,0,71,,11550,2,,,0,30,,11565,2,,,0,70,,11549,2,,,0,30,,11558,2,,,0,70,,11568,2,,,0,30,,11551,2,,,0,70,,11563,2,,,0
1001,'Weekday',516,,11590,2,,,0,25,,11591,2,,,0,70,,11592,2,,,0,18,,11625,2,,,0,15,,11593,2,,,0,15,,11626,2,,,0,55,,11594,2,,,0,15,,11627,2,,,0,15,,11595,2,,,0,15,,11628,2,,,0,60,,11596,2,,,0,15,,11629,2,,,0,15,,11597,2,,,0,55,,11630,2,,,0,15,,11598,2,,,0,15,,11631,2,,,0,15,,11599,2,,,0,55,,11632,2,,,0,15,,11600,2,,,0,15,,11633,2,,,0,15,,11601,2,,,0,55,,11634,2,,,0,15,,11602,2,,,0,15,,11635,2,,,0,15,,11603,2,,,0,55,,11636,2,,,0,15,,11604,2,,,0,15,,11637,2,,,0,15,,11605,2,,,0,55,,11638,2,,,0,15,,11606,2,,,0,15,,11639,2,,,0,15,,11607,2,,,0,55,,11640,2,,,0,15,,11608,2,,,0,15,,11641,2,,,0,15,,11609,2,,,0,55,,11642,2,,,0,15,,11610,2,,,0,12,,11643,2,,,0,15,,11611,2,,,0,55,,11644,2,,,0,15,,11612,2,,,0,15,,11645,2,,,0,12,,11613,2,,,0,15,,11646,2,,,0,55,,11614,2,,,0,15,,11647,2,,,0,15,,11615,2,,,0,15,,11648,2,,,0,55,,11616,2,,,0,15,,11649,2,,,0,15,,11650,2,,,0,15,,11617,2,,,0,61,,11618,2,,,0,30,,11619,2,,,0,70,,11620,2,,,0,30,,11621,2,,,0,70,,11622,2,,,0,30,,11623,2,,,0,70,,11624,2,,,0
1100,'Saturday',748,,11651,2,,,0,70,,11666,2,,,0,30,,11652,2,,,0,70,,11667,2,,,0,30,,11653,2,,,0,70,,11668,2,,,0,30,,11654,2,,,0,70,,11669,2,,,0,30,,11655,2,,,0,70,,11670,2,,,0,30,,11656,2,,,0,70,,11671,2,,,0,30,,11657,2,,,0,70,,11672,2,,,0,30,,11658,2,,,0,70,,11673,2,,,0,30,,11659,2,,,0,70,,11674,2,,,0,30,,11660,2,,,0,70,,11675,2,,,0,30,,11661,2,,,0,70,,11676,2,,,0,30,,11662,2,,,0,70,,11677,2,,,0,30,,11663,2,,,0,70,,11678,2,,,0,30,,11664,2,,,0,70,,11679,2,,,0,30,,11665,2,,,0
1100,'Sunday',748,,11706,2,,,0,70,,11707,2,,,0,30,,11690,2,,,0,70,,11691,2,,,0,30,,11689,2,,,0,70,,11692,2,,,0,30,,11688,2,,,0,70,,11693,2,,,0,30,,11687,2,,,0,70,,11694,2,,,0,30,,11686,2,,,0,70,,11695,2,,,0,30,,11685,2,,,0,70,,11696,2,,,0,30,,11684,2,,,0,70,,11697,2,,,0,30,,11683,2,,,0,70,,11698,2,,,0,30,,11682,2,,,0,70,,11699,2,,,0,30,,11681,2,,,0,70,,11700,2,,,0,30,,11680,2,,,0,70,,11701,2,,,0,30,,11702,2,,,0,70,,11703,2,,,0,30,,11704,2,,,0,70,,11705,2,,,0
1100,'Weekday',521,,11708,2,,,0,20,,11709,2,,,0,60,,11710,2,,,0,13,,11762,2,,,0,15,,11711,2,,,0,15,,11763,2,,,0,15,,11712,2,,,0,55,,11713,2,,,0,15,,11714,2,,,0,15,,11715,2,,,0,60,,11716,2,,,0,15,,11717,2,,,0,15,,11718,2,,,0,15,,11719,2,,,0,55,,11751,2,,,0,15,,11720,2,,,0,15,,11752,2,,,0,15,,11721,2,,,0,55,,11753,2,,,0,15,,11722,2,,,0,15,,11754,2,,,0,15,,11723,2,,,0,55,,11755,2,,,0,15,,11724,2,,,0,15,,11756,2,,,0,15,,11725,2,,,0,55,,11757,2,,,0,15,,11726,2,,,0,15,,11758,2,,,0,15,,11727,2,,,0,55,,11759,2,,,0,15,,11728,2,,,0,15,,11760,2,,,0,15,,11729,2,,,0,55,,11761,2,,,0,15,,11730,2,,,0,15,,11731,2,,,0,16,,11732,2,,,0,55,,11764,2,,,0,15,,11733,2,,,0,15,,11734,2,,,0,15,,11735,2,,,0,57,,11736,2,,,0,18,,11766,2,,,0,15,,11737,2,,,0,15,,11738,2,,,0,58,,11739,2,,,0,12,,11740,2,,,0,18,,11765,2,,,0,12,,11767,2,,,0,58,,11741,2,,,0,12,,11742,2,,,0,18,,11768,2,,,0,12,,11743,2,,,0,66,,11744,2,,,0,30,,11745,2,,,0,70,,11746,2,,,0,30,,11747,2,,,0,70,,11748,2,,,0,30,,11749,2,,,0,70,,11750,2,,,0
2500,'Saturday',715,,12085,2,,,0,30,,12084,2,,,0,70,,12086,2,,,0,30,,12083,2,,,0,70,,12087,2,,,0,30,,12082,2,,,0,70,,12088,2,,,0,30,,12081,2,,,0,70,,12089,2,,,0,30,,12080,2,,,0,70,,12090,2,,,0,30,,12079,2,,,0,70,,12091,2,,,0,30,,12078,2,,,0,70,,12092,2,,,0,30,,12077,2,,,0,70,,12093,2,,,0,30,,12076,2,,,0,70,,12094,2,,,0,30,,12075,2,,,0,70,,12095,2,,,0,30,,12074,2,,,0,72,,12096,2,,,0,30,,12073,2,,,0,70,,12097,2,,,0,30,,12072,2,,,0,70,,12098,2,,,0,30,,12100,2,,,0,70,,12099,2,,,0,30,,12101,2,,,0
2500,'Sunday',745,,12102,2,,,0,70,,12114,2,,,0,30,,12103,2,,,0,70,,12115,2,,,0,30,,12104,2,,,0,70,,12116,2,,,0,30,,12105,2,,,0,70,,12117,2,,,0,30,,12106,2,,,0,70,,12118,2,,,0,30,,12107,2,,,0,70,,12119,2,,,0,30,,12108,2,,,0,70,,12120,2,,,0,30,,12109,2,,,0,70,,12121,2,,,0,30,,12110,2,,,0,70,,12122,2,,,0,30,,12111,2,,,0,70,,12123,2,,,0,30,,12112,2,,,0,72,,12124,2,,,0,30,,12113,2,,,0,70,,12125,2,,,0,30,,12126,2,,,0,70,,12127,2,,,0,30,,12128,2,,,0,70,,12129,2,,,0
2500,'Weekday',509,,12130,2,,,0,28,,12131,2,,,0,66,,12132,2,,,0,28,,12133,2,,,0,28,,12134,2,,,0,55,,12135,2,,,0,15,,12136,2,,,0,15,,12137,2,,,0,15,,12138,2,,,0,60,,12139,2,,,0,15,,12140,2,,,0,17,,12141,2,,,0,55,,12183,2,,,0,15,,12142,2,,,0,15,,12184,2,,,0,15,,12143,2,,,0,55,,12185,2,,,0,15,,12144,2,,,0,15,,12186,2,,,0,15,,12145,2,,,0,55,,12187,2,,,0,15,,12146,2,,,0,15,,12188,2,,,0,15,,12147,2,,,0,55,,12182,2,,,0,15,,12148,2,,,0,15,,12181,2,,,0,15,,12149,2,,,0,55,,12180,2,,,0,15,,12150,2,,,0,15,,12178,2,,,0,15,,12151,2,,,0,55,,12179,2,,,0,15,,12152,2,,,0,15,,12153,2,,,0,15,,12154,2,,,0,55,,12155,2,,,0,15,,12156,2,,,0,15,,12157,2,,,0,15,,12158,2,,,0,55,,12159,2,,,0,15,,12160,2,,,0,15,,12161,2,,,0,15,,12162,2,,,0,55,,12163,2,,,0,15,,12164,2,,,0,15,,12165,2,,,0,15,,12166,2,,,0,73,,12167,2,,,0,27,,12168,2,,,0,70,,12169,2,,,0,30,,12170,2,,,0,70,,12171,2,,,0,30,,12172,2,,,0,70,,12173,2,,,0,30,,12174,2,,,0,70,,12175,2,,,0,30,,12176,2,,,0,70,,12177,2,,,0
8001,'Weekday',541,,12382,2,,,0,70,,12377,2,,,0,30,,12383,2,,,0,72,,12378,2,,,0,30,,12384,2,,,0,77,,12379,2,,,0,30,,12385,2,,,0,70,,12380,2,,,0,30,,12386,2,,,0,70,,12381,2,,,0,30,,12387,2,,,0,70,,12392,2,,,0,30,,12388,2,,,0,66,,12393,2,,,0,30,,12389,2,,,0,70,,12394,2,,,0,30,,12390,2,,,0,70,,12395,2,,,0,30,,12391,2,,,0,70,,12397,2,,,0,29,,12371,2,,,0,71,,12375,2,,,0,23,,12372,2,,,0,72,,12373,2,,,0,30,,12396,2,,,0,70,,12370,2,,,0,30,,12374,2,,,0
8101,'Weekday',541,,12430,2,,,0,70,,12435,2,,,0,32,,12431,2,,,0,70,,12436,2,,,0,30,,12432,2,,,0,77,,12437,2,,,0,30,,12433,2,,,0,70,,12438,2,,,0,30,,12434,2,,,0,70,,12441,2,,,0,30,,12442,2,,,0,70,,12443,2,,,0,30,,12444,2,,,0,66,,12445,2,,,0,30,,12446,2,,,0,70,,12447,2,,,0,30,,12448,2,,,0,70,,12449,2,,,0,30,,12450,2,,,0,70,,12439,2,,,0,30,,12451,2,,,0,70,,12440,2,,,0,30,,12428,2,,,0,70,,12426,2,,,0,30,,12427,2,,,0,70,,12452,2,,,0,30,,12429,2,,,0
