600,'Saturday',807,,11240,34,,,0,100,,11239,34,,,0,106,,11238,34,,,0,100,,11237,34,,,0,100,,11236,34,,,0,100,,11235,34,,,0,100,,11234,34,,,0,100,,11233,34,,,0,100,,11232,34,,,0,100,,11231,34,,,0,100,,11230,34,,,0,100,,11229,34,,,0,100,,11228,34,,,0,100,,11227,34,,,0,100,,11226,34,,,0
600,'Sunday',907,,11241,34,,,0,106,,11242,34,,,0,100,,11243,34,,,0,100,,11244,34,,,0,100,,11245,34,,,0,100,,11246,34,,,0,102,,11247,34,,,0,100,,11248,34,,,0,100,,11249,34,,,0,100,,11250,34,,,0,100,,11251,34,,,0,100,,11252,34,,,0
600,'Weekday',614,,11253,34,,,0,31,,11254,34,,,0,70,,11255,34,,,0,32,,11256,34,,,0,69,,11257,34,,,0,32,,11258,34,,,0,70,,11259,34,,,0,28,,11260,34,,,0,70,,11261,34,,,0,30,,11262,34,,,0,70,,11263,34,,,0,30,,11264,34,,,0,70,,11265,34,,,0,30,,11266,34,,,0,70,,11267,34,,,0,30,,11268,34,,,0,70,,11269,34,,,0,28,,11270,34,,,0,73,,11271,34,,,0,33,,11272,34,,,0,79,,11276,34,,,0,73,,11277,34,,,0,26,,11278,34,,,0,26,,11279,34,,,0,68,,11280,34,,,0,29,,11281,34,,,0,69,,11282,34,,,0,99,,11273,34,,,0,100,,11274,34,,,0,100,,11275,34,,,0
1101,'Saturday',710,,11783,2,,,0,30,,11784,2,,,0,70,,11769,2,,,0,30,,11785,2,,,0,70,,11770,2,,,0,30,,11786,2,,,0,70,,11771,2,,,0,30,,11787,2,,,0,70,,11772,2,,,0,30,,11788,2,,,0,70,,11773,2,,,0,30,,11789,2,,,0,70,,11774,2,,,0,30,,11790,2,,,0,70,,11775,2,,,0,30,,11791,2,,,0,70,,11776,2,,,0,30,,11792,2,,,0,70,,11777,2,,,0,30,,11793,2,,,0,70,,11778,2,,,0,30,,11794,2,,,0,70,,11779,2,,,0,30,,11795,2,,,0,70,,11780,2,,,0,32,,11796,2,,,0,70,,11781,2,,,0,30,,11797,2,,,0,70,,11782,2,,,0,30,,11798,2,,,0
1101,'Sunday',810,,11811,2,,,0,30,,11810,2,,,0,70,,11809,2,,,0,30,,11812,2,,,0,70,,11808,2,,,0,30,,11813,2,,,0,70,,11807,2,,,0,30,,11814,2,,,0,70,,11815,2,,,0,30,,11806,2,,,0,70,,11816,2,,,0,30,,11805,2,,,0,70,,11804,2,,,0,30,,11817,2,,,0,70,,11803,2,,,0,30,,11818,2,,,0,70,,11819,2,,,0,30,,11802,2,,,0,70,,11820,2,,,0,30,,11801,2,,,0,70,,11821,2,,,0,30,,11800,2,,,0,70,,11799,2,,,0,32,,11822,2,,,0,70,,11823,2,,,0,30,,11824,2,,,0,70,,11825,2,,,0
1101,'Weekday',506,,11826,2,,,0,28,,11827,2,,,0,14,,11885,2,,,0,52,,11828,2,,,0,13,,11880,2,,,0,15,,11829,2,,,0,15,,11881,2,,,0,15,,11830,2,,,0,54,,11831,2,,,0,15,,11832,2,,,0,15,,11833,2,,,0,15,,11834,2,,,0,55,,11835,2,,,0,15,,11836,2,,,0,20,,11837,2,,,0,12,,11871,2,,,0,58,,11838,2,,,0,15,,11872,2,,,0,15,,11839,2,,,0,55,,11873,2,,,0,15,,11840,2,,,0,15,,11874,2,,,0,15,,11841,2,,,0,55,,11875,2,,,0,15,,11842,2,,,0,15,,11876,2,,,0,15,,11843,2,,,0,55,,11877,2,,,0,15,,11844,2,,,0,15,,11878,2,,,0,15,,11845,2,,,0,55,,11879,2,,,0,15,,11846,2,,,0,15,,11869,2,,,0,15,,11847,2,,,0,55,,11870,2,,,0,15,,11848,2,,,0,20,,11849,2,,,0,20,,11850,2,,,0,55,,11851,2,,,0,15,,11852,2,,,0,15,,11882,2,,,0,15,,11853,2,,,0,55,,11854,2,,,0,15,,11855,2,,,0,20,,11856,2,,,0,55,,11883,2,,,0,15,,11857,2,,,0,15,,11858,2,,,0,15,,11859,2,,,0,55,,11884,2,,,0,15,,11860,2,,,0,30,,11861,2,,,0,70,,11862,2,,,0,30,,11863,2,,,0,70,,11864,2,,,0,30,,11865,2,,,0,70,,11866,2,,,0,30,,11867,2,,,0,70,,11868,2,,,0
2501,'Saturday',714,,12201,2,,,0,30,,12202,2,,,0,70,,12200,2,,,0,30,,12203,2,,,0,70,,12199,2,,,0,30,,12204,2,,,0,70,,12198,2,,,0,30,,12205,2,,,0,70,,12197,2,,,0,30,,12206,2,,,0,70,,12196,2,,,0,30,,12207,2,,,0,70,,12195,2,,,0,30,,12208,2,,,0,70,,12194,2,,,0,30,,12209,2,,,0,70,,12193,2,,,0,30,,12210,2,,,0,70,,12192,2,,,0,30,,12211,2,,,0,70,,12191,2,,,0,30,,12212,2,,,0,70,,12190,2,,,0,30,,12213,2,,,0,70,,12189,2,,,0,30,,12214,2,,,0,70,,12216,2,,,0,30,,12215,2,,,0,70,,12217,2,,,0,30,,12218,2,,,0
2501,'Sunday',744,,12230,2,,,0,70,,12219,2,,,0,30,,12231,2,,,0,70,,12220,2,,,0,30,,12232,2,,,0,70,,12221,2,,,0,30,,12233,2,,,0,70,,12222,2,,,0,30,,12234,2,,,0,70,,12223,2,,,0,30,,12235,2,,,0,70,,12224,2,,,0,30,,12236,2,,,0,70,,12225,2,,,0,30,,12237,2,,,0,70,,12226,2,,,0,30,,12238,2,,,0,70,,12227,2,,,0,30,,12239,2,,,0,70,,12228,2,,,0,30,,12240,2,,,0,70,,12229,2,,,0,30,,12241,2,,,0,70,,12242,2,,,0,30,,12243,2,,,0,70,,12244,2,,,0,30,,12245,2,,,0,70,,12246,2,,,0
2501,'Weekday',509,,12247,2,,,0,28,,12248,2,,,0,70,,12249,2,,,0,25,,12250,2,,,0,70,,12251,2,,,0,16,,12252,2,,,0,15,,12253,2,,,0,15,,12254,2,,,0,55,,12255,2,,,0,15,,12256,2,,,0,15,,12257,2,,,0,15,,12258,2,,,0,55,,12295,2,,,0,15,,12259,2,,,0,15,,12296,2,,,0,15,,12260,2,,,0,55,,12297,2,,,0,15,,12261,2,,,0,15,,12298,2,,,0,15,,12262,2,,,0,55,,12299,2,,,0,15,,12263,2,,,0,15,,12300,2,,,0,15,,12264,2,,,0,55,,12301,2,,,0,15,,12265,2,,,0,15,,12302,2,,,0,15,,12266,2,,,0,55,,12303,2,,,0,15,,12267,2,,,0,15,,12304,2,,,0,15,,12268,2,,,0,55,,12305,2,,,0,15,,12269,2,,,0,17,,12270,2,,,0,15,,12271,2,,,0,55,,12272,2,,,0,15,,12273,2,,,0,15,,12274,2,,,0,15,,12275,2,,,0,56,,12276,2,,,0,15,,12277,2,,,0,15,,12278,2,,,0,15,,12279,2,,,0,55,,12280,2,,,0,15,,12281,2,,,0,15,,12282,2,,,0,15,,12283,2,,,0,69,,12284,2,,,0,30,,12285,2,,,0,70,,12286,2,,,0,30,,12287,2,,,0,70,,12288,2,,,0,30,,12289,2,,,0,70,,12290,2,,,0,30,,12291,2,,,0,70,,12292,2,,,0,30,,12293,2,,,0,70,,12294,2,,,0
5200,'Saturday',2319,,12333,29,,,0,98,,12334,29,,,0,100,,12332,29,,,0
5200,'Weekday',2319,,12337,29,,,0,98,,12336,29,,,0,100,,12335,29,,,0
