101,'Saturday',645,,10390,20,,,0,55,,10391,20,,,0,15,,10392,20,,,0,10,,10393,20,,,0,15,,10394,20,,,0,15,,10395,20,,,0,55,,10396,20,,,0,15,,10397,20,,,0,15,,10398,20,,,0,15,,10399,20,,,0,56,,10400,20,,,0,15,,10401,20,,,0,15,,10402,20,,,0,15,,10403,20,,,0,56,,10404,20,,,0,14,,10405,20,,,0,11,,10442,20,,,0,14,,10406,20,,,0,54,,10407,20,,,0,14,,10408,20,,,0,14,,10409,20,,,0,14,,10410,20,,,0,54,,10411,20,,,0,14,,10441,20,,,0,14,,10412,20,,,0,14,,10413,20,,,0,14,,10414,20,,,0,54,,10415,20,,,0,13,,10416,20,,,0,14,,10417,20,,,0,14,,10439,20,,,0,54,,10418,20,,,0,14,,10419,20,,,0,14,,10420,20,,,0,14,,10421,20,,,0,54,,10422,20,,,0,14,,10423,20,,,0,14,,10440,20,,,0,14,,10424,20,,,0,14,,10425,20,,,0,54,,10426,20,,,0,14,,10427,20,,,0,14,,10428,20,,,0,14,,10429,20,,,0,54,,10430,20,,,0,15,,10431,20,,,0,15,,10432,20,,,0,15,,10433,20,,,0,55,,10434,20,,,0,17,,10435,20,,,0,18,,10436,20,,,0,15,,10437,20,,,0,55,,10438,20,,,0,15,,10382,20,,,0,30,,10385,20,,,0,70,,10379,20,,,0,30,,10383,20,,,0,69,,10386,20,,,0,30,,10380,20,,,0,70,,10384,20,,,0,30,,10387,20,,,0,69,,10381,20,,,0,30,,10388,20,,,0,69,,10389,20,,,0
101,'Sunday',645,,10450,20,,,0,55,,10451,20,,,0,15,,10452,20,,,0,10,,10453,20,,,0,15,,10454,20,,,0,15,,10455,20,,,0,55,,10456,20,,,0,15,,10457,20,,,0,15,,10458,20,,,0,15,,10459,20,,,0,56,,10460,20,,,0,15,,10461,20,,,0,15,,10462,20,,,0,15,,10463,20,,,0,56,,10464,20,,,0,14,,10465,20,,,0,11,,10502,20,,,0,14,,10466,20,,,0,54,,10467,20,,,0,14,,10468,20,,,0,14,,10469,20,,,0,14,,10470,20,,,0,54,,10471,20,,,0,14,,10501,20,,,0,14,,10472,20,,,0,14,,10473,20,,,0,14,,10474,20,,,0,54,,10475,20,,,0,13,,10476,20,,,0,14,,10477,20,,,0,14,,10499,20,,,0,54,,10478,20,,,0,14,,10479,20,,,0,14,,10480,20,,,0,14,,10481,20,,,0,54,,10482,20,,,0,14,,10483,20,,,0,14,,10500,20,,,0,14,,10484,20,,,0,14,,10485,20,,,0,54,,10486,20,,,0,14,,10487,20,,,0,14,,10488,20,,,0,14,,10489,20,,,0,54,,10490,20,,,0,15,,10491,20,,,0,15,,10492,20,,,0,15,,10493,20,,,0,55,,10494,20,,,0,17,,10495,20,,,0,18,,10496,20,,,0,15,,10497,20,,,0,55,,10498,20,,,0,18,,10445,20,,,0,70,,10448,20,,,0,30,,10443,20,,,0,70,,10446,20,,,0,29,,10449,20,,,0,70,,10444,20,,,0,30,,10447,20,,,0
101,'Weekday',502,,10503,20,,,0,15,,10504,20,,,0,12,,10505,20,,,0,12,,10506,20,,,0,12,,10507,20,,,0,52,,10508,20,,,0,12,,10509,20,,,0,12,,10510,20,,,0,12,,10511,20,,,0,15,,10512,20,,,0,54,,10513,20,,,0,12,,10514,20,,,0,12,,10515,20,,,0,13,,10516,20,,,0,12,,10517,20,,,0,52,,10518,20,,,0,12,,10519,20,,,0,12,,10520,20,,,0,12,,10521,20,,,0,12,,10522,20,,,0,52,,10523,20,,,0,12,,10524,20,,,0,12,,10525,20,,,0,12,,10526,20,,,0,12,,10527,20,,,0,52,,10528,20,,,0,12,,10529,20,,,0,12,,10530,20,,,0,14,,10531,20,,,0,52,,10532,20,,,0,12,,10533,20,,,0,12,,10534,20,,,0,12,,10535,20,,,0,12,,10536,20,,,0,52,,10537,20,,,0,12,,10538,20,,,0,12,,10539,20,,,0,12,,10540,20,,,0,12,,10541,20,,,0,52,,10542,20,,,0,11,,10543,20,,,0,10,,10544,20,,,0,11,,10545,20,,,0,11,,10546,20,,,0,10,,10547,20,,,0,50,,10548,20,,,0,9,,10549,20,,,0,9,,10550,20,,,0,9,,10551,20,,,0,9,,10552,20,,,0,10,,10553,20,,,0,9,,10554,20,,,0,50,,10555,20,,,0,10,,10556,20,,,0,11,,10557,20,,,0,10,,10558,20,,,0,11,,10559,20,,,0,50,,10560,20,,,0,10,,10561,20,,,0,10,,10562,20,,,0,11,,10563,20,,,0,11,,10564,20,,,0,11,,10565,20,,,0,51,,10566,20,,,0,10,,10567,20,,,0,10,,10568,20,,,0,11,,10569,20,,,0,9,,10570,20,,,0,11,,10571,20,,,0,49,,10572,20,,,0,11,,10573,20,,,0,11,,10574,20,,,0,11,,10575,20,,,0,11,,10576,20,,,0,51,,10577,20,,,0,11,,10578,20,,,0,10,,10579,20,,,0,11,,10580,20,,,0,10,,10581,20,,,0,10,,10582,20,,,0,50,,10583,20,,,0,10,,10584,20,,,0,12,,10585,20,,,0,12,,10586,20,,,0,11,,10587,20,,,0,10,,10588,20,,,0,55,,10589,20,,,0,15,,10590,20,,,0,15,,10591,20,,,0,15,,10592,20,,,0,55,,10604,20,,,0,15,,10603,20,,,0,13,,10602,20,,,0,10,,10593,20,,,0,55,,10594,20,,,0,15,,10595,20,,,0,15,,10596,20,,,0,15,,10597,20,,,0,55,,10598,20,,,0,15,,10599,20,,,0,15,,10600,20,,,0,15,,10601,20,,,0
200,'Saturday',629,,10605,13,,,0,100,,10606,13,,,0,100,,10607,13,,,0,100,,10608,13,,,0,30,,10621,13,,,0,60,,10609,13,,,0,20,,10635,13,,,0,20,,10622,13,,,0,60,,10610,13,,,0,20,,10636,13,,,0,20,,10623,13,,,0,59,,10611,13,,,0,20,,10637,13,,,0,65,,10624,13,,,0,20,,10612,13,,,0,20,,10638,13,,,0,60,,10625,13,,,0,20,,10613,13,,,0,20,,10639,13,,,0,60,,10626,13,,,0,25,,10614,13,,,0,20,,10640,13,,,0,60,,10627,13,,,0,20,,10615,13,,,0,20,,10641,13,,,0,60,,10628,13,,,0,21,,10616,13,,,0,30,,10629,13,,,0,70,,10617,13,,,0,30,,10630,13,,,0,70,,10618,13,,,0,30,,10631,13,,,0,70,,10619,13,,,0,30,,10632,13,,,0,70,,10620,13,,,0,30,,10633,13,,,0
200,'Sunday',759,,10642,13,,,0,100,,10643,13,,,0,100,,10644,13,,,0,60,,10655,13,,,0,20,,10668,13,,,0,20,,10645,13,,,0,60,,10656,13,,,0,20,,10669,13,,,0,20,,10646,13,,,0,59,,10657,13,,,0,20,,10670,13,,,0,65,,10647,13,,,0,20,,10658,13,,,0,20,,10671,13,,,0,60,,10648,13,,,0,20,,10659,13,,,0,20,,10672,13,,,0,60,,10649,13,,,0,25,,10660,13,,,0,20,,10673,13,,,0,60,,10650,13,,,0,20,,10661,13,,,0,20,,10674,13,,,0,60,,10651,13,,,0,21,,10662,13,,,0,30,,10652,13,,,0,70,,10663,13,,,0,30,,10653,13,,,0,70,,10664,13,,,0,30,,10654,13,,,0,70,,10665,13,,,0,30,,10666,13,,,0,70,,10667,13,,,0
200,'Weekday',454,,10675,13,,,0,67,,10677,13,,,0,30,,10679,13,,,0,71,,10708,13,,,0,15,,10681,13,,,0,15,,10682,13,,,0,55,,10709,13,,,0,15,,10683,13,,,0,15,,10684,13,,,0,14,,10685,13,,,0,55,,10686,13,,,0,15,,10687,13,,,0,15,,10710,13,,,0,16,,10688,13,,,0,55,,10711,13,,,0,15,,10689,13,,,0,15,,10690,13,,,0,15,,10712,13,,,0,55,,10713,13,,,0,15,,10714,13,,,0,15,,10691,13,,,0,15,,10715,13,,,0,55,,10716,13,,,0,13,,10692,13,,,0,15,,10717,13,,,0,15,,10693,13,,,0,55,,10694,13,,,0,15,,10718,13,,,0,15,,10719,13,,,0,15,,10695,13,,,0,55,,10696,13,,,0,17,,10720,13,,,0,16,,10721,13,,,0,18,,10697,13,,,0,55,,10722,13,,,0,16,,10723,13,,,0,15,,10698,13,,,0,15,,10724,13,,,0,55,,10725,13,,,0,15,,10726,13,,,0,15,,10699,13,,,0,15,,10700,13,,,0,55,,10701,13,,,0,15,,10727,13,,,0,15,,10728,13,,,0,15,,10729,13,,,0,55,,10730,13,,,0,15,,10702,13,,,0,15,,10731,13,,,0,14,,10703,13,,,0,55,,10732,13,,,0,14,,10704,13,,,0,15,,10733,13,,,0,62,,10734,13,,,0,30,,10735,13,,,0,70,,10707,13,,,0,31,,10705,13,,,0,70,,10676,13,,,0,30,,10706,13,,,0,70,,10678,13,,,0,30,,10680,13,,,0
201,'Saturday',656,,10737,28,,,0,100,,10738,28,,,0,100,,10739,28,,,0,70,,10767,28,,,0,30,,10740,28,,,0,70,,10754,28,,,0,20,,10741,28,,,0,60,,10768,28,,,0,20,,10755,28,,,0,20,,10742,28,,,0,60,,10769,28,,,0,25,,10756,28,,,0,20,,10743,28,,,0,60,,10770,28,,,0,20,,10757,28,,,0,20,,10744,28,,,0,60,,10771,28,,,0,20,,10758,28,,,0,20,,10745,28,,,0,65,,10772,28,,,0,20,,10759,28,,,0,20,,10746,28,,,0,60,,10773,28,,,0,20,,10760,28,,,0,20,,10747,28,,,0,60,,10774,28,,,0,20,,10761,28,,,0,20,,10748,28,,,0,70,,10762,28,,,0,30,,10749,28,,,0,70,,10763,28,,,0,30,,10750,28,,,0,70,,10764,28,,,0,30,,10751,28,,,0,70,,10765,28,,,0,30,,10752,28,,,0,70,,10766,28,,,0
201,'Sunday',756,,10775,28,,,0,100,,10776,28,,,0,70,,10799,28,,,0,30,,10777,28,,,0,70,,10788,28,,,0,20,,10778,28,,,0,60,,10808,28,,,0,20,,10789,28,,,0,20,,10779,28,,,0,60,,10809,28,,,0,25,,10790,28,,,0,20,,10780,28,,,0,60,,10807,28,,,0,20,,10791,28,,,0,20,,10781,28,,,0,60,,10805,28,,,0,20,,10792,28,,,0,20,,10782,28,,,0,65,,10803,28,,,0,20,,10793,28,,,0,20,,10783,28,,,0,60,,10804,28,,,0,20,,10794,28,,,0,20,,10784,28,,,0,60,,10806,28,,,0,20,,10795,28,,,0,20,,10785,28,,,0,70,,10796,28,,,0,30,,10786,28,,,0,70,,10797,28,,,0,30,,10787,28,,,0,70,,10798,28,,,0,30,,10800,28,,,0,70,,10801,28,,,0,30,,10802,28,,,0
201,'Weekday',524,,10834,28,,,0,27,,10835,28,,,0,70,,10836,28,,,0,15,,10837,28,,,0,15,,10811,28,,,0,55,,10838,28,,,0,15,,10839,28,,,0,17,,10812,28,,,0,16,,10840,28,,,0,59,,10813,28,,,0,14,,10814,28,,,0,15,,10841,28,,,0,15,,10842,28,,,0,55,,10843,28,,,0,15,,10815,28,,,0,14,,10844,28,,,0,16,,10816,28,,,0,55,,10845,28,,,0,15,,10846,28,,,0,15,,10847,28,,,0,15,,10848,28,,,0,55,,10817,28,,,0,15,,10849,28,,,0,15,,10850,28,,,0,15,,10818,28,,,0,55,,10851,28,,,0,15,,10852,28,,,0,15,,10819,28,,,0,15,,10853,28,,,0,55,,10820,28,,,0,15,,10854,28,,,0,15,,10821,28,,,0,15,,10822,28,,,0,60,,10855,28,,,0,15,,10856,28,,,0,15,,10823,28,,,0,58,,10857,28,,,0,15,,10858,28,,,0,15,,10859,28,,,0,15,,10860,28,,,0,55,,10824,28,,,0,15,,10861,28,,,0,15,,10825,28,,,0,14,,10862,28,,,0,55,,10826,28,,,0,15,,10863,28,,,0,15,,10864,28,,,0,15,,10865,28,,,0,51,,10866,28,,,0,15,,10867,28,,,0,15,,10827,28,,,0,16,,10868,28,,,0,55,,10828,28,,,0,30,,10830,28,,,0,69,,10832,28,,,0,30,,10869,28,,,0,70,,10831,28,,,0,30,,10829,28,,,0,70,,10833,28,,,0,30,,10870,28,,,0,70,,10810,28,,,0
1000,'Saturday',703,,11347,2,,,0,30,,11348,2,,,0,70,,11349,2,,,0,30,,11350,2,,,0,70,,11351,2,,,0,15,,11391,2,,,0,15,,11352,2,,,0,15,,11353,2,,,0,55,,11354,2,,,0,15,,11355,2,,,0,15,,11356,2,,,0,15,,11357,2,,,0,55,,11358,2,,,0,15,,11359,2,,,0,15,,11360,2,,,0,15,,11361,2,,,0,55,,11362,2,,,0,15,,11363,2,,,0,15,,11364,2,,,0,15,,11365,2,,,0,55,,11366,2,,,0,15,,11367,2,,,0,15,,11368,2,,,0,15,,11369,2,,,0,55,,11370,2,,,0,15,,11371,2,,,0,15,,11372,2,,,0,15,,11373,2,,,0,55,,11374,2,,,0,15,,11375,2,,,0,15,,11376,2,,,0,15,,11377,2,,,0,55,,11378,2,,,0,15,,11379,2,,,0,15,,11380,2,,,0,15,,11381,2,,,0,55,,11382,2,,,0,15,,11383,2,,,0,15,,11384,2,,,0,15,,11385,2,,,0,55,,11386,2,,,0,15,,11387,2,,,0,15,,11388,2,,,0,70,,11389,2,,,0,30,,11390,2,,,0,70,,11343,2,,,0,30,,11341,2,,,0,70,,11345,2,,,0,30,,11344,2,,,0,70,,11342,2,,,0,30,,11346,2,,,0
1000,'Sunday',807,,11434,2,,,0,30,,11428,2,,,0,70,,11433,2,,,0,26,,11425,2,,,0,70,,11427,2,,,0,30,,11405,2,,,0,15,,11393,2,,,0,55,,11396,2,,,0,15,,11415,2,,,0,15,,11413,2,,,0,15,,11406,2,,,0,55,,11412,2,,,0,15,,11397,2,,,0,15,,11416,2,,,0,15,,11404,2,,,0,55,,11407,2,,,0,15,,11422,2,,,0,15,,11398,2,,,0,15,,11417,2,,,0,55,,11411,2,,,0,15,,11408,2,,,0,15,,11402,2,,,0,15,,11399,2,,,0,55,,11418,2,,,0,15,,11395,2,,,0,15,,11409,2,,,0,15,,11421,2,,,0,55,,11400,2,,,0,15,,11419,2,,,0,15,,11414,2,,,0,15,,11410,2,,,0,55,,11394,2,,,0,15,,11401,2,,,0,15,,11420,2,,,0,15,,11403,2,,,0,55,,11392,2,,,0,30,,11423,2,,,0,70,,11429,2,,,0,30,,11424,2,,,0,70,,11430,2,,,0,30,,11426,2,,,0,70,,11431,2,,,0,30,,11432,2,,,0
1000,'Weekday',456,,11445,2,,,0,70,,11454,2,,,0,26,,11440,2,,,0,67,,11471,2,,,0,15,,11468,2,,,0,15,,11472,2,,,0,10,,11464,2,,,0,55,,11473,2,,,0,15,,11449,2,,,0,15,,11474,2,,,0,15,,11455,2,,,0,57,,11475,2,,,0,15,,11435,2,,,0,15,,11476,2,,,0,55,,11461,2,,,0,15,,11477,2,,,0,15,,11470,2,,,0,15,,11478,2,,,0,55,,11467,2,,,0,15,,11479,2,,,0,15,,11456,2,,,0,15,,11480,2,,,0,55,,11452,2,,,0,15,,11481,2,,,0,16,,11444,2,,,0,18,,11482,2,,,0,55,,11453,2,,,0,15,,11483,2,,,0,15,,11439,2,,,0,15,,11484,2,,,0,55,,11457,2,,,0,15,,11485,2,,,0,15,,11469,2,,,0,15,,11486,2,,,0,55,,11443,2,,,0,15,,11487,2,,,0,12,,11466,2,,,0,12,,11488,2,,,0,15,,11463,2,,,0,52,,11489,2,,,0,15,,11458,2,,,0,15,,11490,2,,,0,15,,11462,2,,,0,55,,11491,2,,,0,15,,11451,2,,,0,15,,11492,2,,,0,15,,11446,2,,,0,55,,11493,2,,,0,15,,11448,2,,,0,14,,11494,2,,,0,15,,11459,2,,,0,55,,11495,2,,,0,18,,11447,2,,,0,18,,11496,2,,,0,55,,11442,2,,,0,30,,11465,2,,,0,70,,11450,2,,,0,30,,11460,2,,,0,70,,11436,2,,,0,30,,11438,2,,,0,70,,11441,2,,,0,30,,11437,2,,,0
1200,'Saturday',756,,11900,2,,,0,70,,11901,2,,,0,30,,11899,2,,,0,70,,11902,2,,,0,75,,11898,2,,,0,25,,11903,2,,,0,30,,11897,2,,,0,70,,11904,2,,,0,30,,11896,2,,,0,70,,11905,2,,,0,30,,11895,2,,,0,70,,11906,2,,,0,75,,11894,2,,,0,25,,11907,2,,,0,30,,11893,2,,,0,70,,11908,2,,,0,30,,11892,2,,,0,70,,11909,2,,,0,30,,11891,2,,,0,70,,11910,2,,,0,30,,11890,2,,,0,70,,11911,2,,,0,30,,11889,2,,,0,70,,11912,2,,,0,30,,11888,2,,,0,70,,11913,2,,,0,30,,11887,2,,,0,70,,11914,2,,,0,30,,11886,2,,,0
1200,'Sunday',826,,11925,2,,,0,30,,11924,2,,,0,70,,11926,2,,,0,75,,11923,2,,,0,25,,11927,2,,,0,30,,11922,2,,,0,70,,11928,2,,,0,30,,11921,2,,,0,70,,11929,2,,,0,30,,11920,2,,,0,70,,11930,2,,,0,75,,11919,2,,,0,25,,11931,2,,,0,30,,11918,2,,,0,70,,11932,2,,,0,30,,11917,2,,,0,70,,11933,2,,,0,30,,11916,2,,,0,70,,11934,2,,,0,75,,11915,2,,,0,30,,11935,2,,,0,70,,11936,2,,,0,30,,11937,2,,,0,70,,11938,2,,,0,30,,11939,2,,,0,70,,11940,2,,,0,30,,11941,2,,,0
1200,'Weekday',526,,11961,2,,,0,30,,11949,2,,,0,70,,11962,2,,,0,30,,11953,2,,,0,70,,11963,2,,,0,30,,11960,2,,,0,75,,11964,2,,,0,70,,11954,2,,,0,30,,11965,2,,,0,70,,11950,2,,,0,30,,11966,2,,,0,70,,11955,2,,,0,30,,11967,2,,,0,70,,11952,2,,,0,30,,11968,2,,,0,70,,11956,2,,,0,30,,11948,2,,,0,70,,11969,2,,,0,25,,11951,2,,,0,20,,11942,2,,,0,65,,11970,2,,,0,25,,11957,2,,,0,65,,11958,2,,,0,25,,11959,2,,,0,25,,11976,2,,,0,65,,11977,2,,,0,25,,11943,2,,,0,65,,11978,2,,,0,20,,11945,2,,,0,75,,11971,2,,,0,30,,11946,2,,,0,70,,11972,2,,,0,30,,11944,2,,,0,70,,11973,2,,,0,30,,11947,2,,,0,70,,11974,2,,,0,30,,11975,2,,,0
5000,'Saturday',2301,,12311,2,,,0,100,,12310,2,,,0,100,,12312,2,0,8 4 9 10,0
5000,'Weekday',2301,,12314,2,,,0,100,,12313,2,,,0,100,,12315,2,0,8 4 9 10,0
5200,'Saturday',2301,,12333,2,,,0,100,,12334,2,,,0,100,,12332,2,,,0
5200,'Weekday',2301,,12337,2,,,0,100,,12336,2,,,0,100,,12335,2,,,0
8701,'Weekday',531,,12464,2,,,0,85,,12465,2,,,0,85,,12466,2,,,0,45,,12467,2,,,0,85,,12468,2,,,0,600,,12469,2,,,0,85,,12470,2,,,0,85,,12471,2,,,0,45,,12472,2,,,0,85,,12473,2,,,0,85,,12474,2,,,0
