101,'Saturday',643,,10390,15,,,0,15,,10391,15,,,0,55,,10392,15,,,0,10,,10393,15,,,0,15,,10394,15,,,0,15,,10395,15,,,0,55,,10396,15,,,0,15,,10397,15,,,0,15,,10398,15,,,0,15,,10399,15,,,0,56,,10400,15,,,0,15,,10401,15,,,0,15,,10402,15,,,0,15,,10403,15,,,0,55,,10404,15,,,0,14,,10405,15,,,0,11,,10442,15,,,0,14,,10406,15,,,0,54,,10407,15,,,0,14,,10408,15,,,0,14,,10409,15,,,0,14,,10410,15,,,0,14,,10411,15,,,0,54,,10441,15,,,0,14,,10412,15,,,0,14,,10413,15,,,0,14,,10414,15,,,0,54,,10415,15,,,0,13,,10416,15,,,0,14,,10417,15,,,0,14,,10439,15,,,0,54,,10418,15,,,0,14,,10419,15,,,0,14,,10420,15,,,0,14,,10421,15,,,0,14,,10422,15,,,0,54,,10423,15,,,0,14,,10440,15,,,0,14,,10424,15,,,0,14,,10425,15,,,0,54,,10426,15,,,0,14,,10427,15,,,0,14,,10428,15,,,0,14,,10429,15,,,0,54,,10430,15,,,0,15,,10431,15,,,0,15,,10432,15,,,0,15,,10433,15,,,0,55,,10434,15,,,0,17,,10435,15,,,0,18,,10436,15,,,0,15,,10437,15,,,0,55,,10438,15,,,0,15,,10382,15,,,0,30,,10385,15,,,0,70,,10379,15,,,0,30,,10383,15,,,0,69,,10386,15,,,0,30,,10380,15,,,0,70,,10384,15,,,0,30,,10387,15,,,0,70,,10381,15,,,0,30,,10388,15,,,0,69,,10389,15,,,0
101,'Sunday',643,,10450,15,,,0,15,,10451,15,,,0,55,,10452,15,,,0,10,,10453,15,,,0,15,,10454,15,,,0,15,,10455,15,,,0,55,,10456,15,,,0,15,,10457,15,,,0,15,,10458,15,,,0,15,,10459,15,,,0,56,,10460,15,,,0,15,,10461,15,,,0,15,,10462,15,,,0,15,,10463,15,,,0,55,,10464,15,,,0,14,,10465,15,,,0,11,,10502,15,,,0,14,,10466,15,,,0,54,,10467,15,,,0,14,,10468,15,,,0,14,,10469,15,,,0,14,,10470,15,,,0,14,,10471,15,,,0,54,,10501,15,,,0,14,,10472,15,,,0,14,,10473,15,,,0,14,,10474,15,,,0,54,,10475,15,,,0,13,,10476,15,,,0,14,,10477,15,,,0,14,,10499,15,,,0,54,,10478,15,,,0,14,,10479,15,,,0,14,,10480,15,,,0,14,,10481,15,,,0,14,,10482,15,,,0,54,,10483,15,,,0,14,,10500,15,,,0,14,,10484,15,,,0,14,,10485,15,,,0,54,,10486,15,,,0,14,,10487,15,,,0,14,,10488,15,,,0,14,,10489,15,,,0,54,,10490,15,,,0,15,,10491,15,,,0,15,,10492,15,,,0,15,,10493,15,,,0,55,,10494,15,,,0,17,,10495,15,,,0,18,,10496,15,,,0,15,,10497,15,,,0,55,,10498,15,,,0,18,,10445,15,,,0,30,,10448,15,,,0,70,,10443,15,,,0,30,,10446,15,,,0,69,,10449,15,,,0,30,,10444,15,,,0,70,,10447,15,,,0
101,'Weekday',500,,10503,15,,,0,15,,10504,15,,,0,12,,10505,15,,,0,12,,10506,15,,,0,12,,10507,15,,,0,52,,10508,15,,,0,12,,10509,15,,,0,12,,10510,15,,,0,12,,10511,15,,,0,15,,10512,15,,,0,54,,10513,15,,,0,12,,10514,15,,,0,12,,10515,15,,,0,13,,10516,15,,,0,12,,10517,15,,,0,52,,10518,15,,,0,12,,10519,15,,,0,12,,10520,15,,,0,12,,10521,15,,,0,12,,10522,15,,,0,52,,10523,15,,,0,12,,10524,15,,,0,12,,10525,15,,,0,12,,10526,15,,,0,12,,10527,15,,,0,52,,10528,15,,,0,12,,10529,15,,,0,12,,10530,15,,,0,13,,10531,15,,,0,12,,10532,15,,,0,52,,10533,15,,,0,12,,10534,15,,,0,12,,10535,15,,,0,12,,10536,15,,,0,12,,10537,15,,,0,52,,10538,15,,,0,12,,10539,15,,,0,12,,10540,15,,,0,12,,10541,15,,,0,12,,10542,15,,,0,51,,10543,15,,,0,9,,10544,15,,,0,11,,10545,15,,,0,11,,10546,15,,,0,10,,10547,15,,,0,50,,10548,15,,,0,9,,10549,15,,,0,9,,10550,15,,,0,9,,10551,15,,,0,9,,10552,15,,,0,10,,10553,15,,,0,9,,10554,15,,,0,50,,10555,15,,,0,10,,10556,15,,,0,11,,10557,15,,,0,10,,10558,15,,,0,11,,10559,15,,,0,10,,10560,15,,,0,50,,10561,15,,,0,10,,10562,15,,,0,11,,10563,15,,,0,11,,10564,15,,,0,11,,10565,15,,,0,51,,10566,15,,,0,10,,10567,15,,,0,10,,10568,15,,,0,11,,10569,15,,,0,9,,10570,15,,,0,11,,10571,15,,,0,49,,10572,15,,,0,11,,10573,15,,,0,11,,10574,15,,,0,11,,10575,15,,,0,11,,10576,15,,,0,11,,10577,15,,,0,51,,10578,15,,,0,11,,10579,15,,,0,11,,10580,15,,,0,10,,10581,15,,,0,10,,10582,15,,,0,10,,10583,15,,,0,50,,10584,15,,,0,12,,10585,15,,,0,12,,10586,15,,,0,11,,10587,15,,,0,10,,10588,15,,,0,55,,10589,15,,,0,15,,10590,15,,,0,15,,10591,15,,,0,15,,10592,15,,,0,55,,10604,15,,,0,15,,10603,15,,,0,14,,10602,15,,,0,10,,10593,15,,,0,55,,10594,15,,,0,15,,10595,15,,,0,15,,10596,15,,,0,15,,10597,15,,,0,55,,10598,15,,,0,15,,10599,15,,,0,15,,10600,15,,,0,15,,10601,15,,,0
601,'Saturday',733,,11297,29,,,0,100,,11296,29,,,0,100,,11295,29,,,0,110,,11294,29,,,0,100,,11293,29,,,0,100,,11292,29,,,0,100,,11291,29,,,0,100,,11290,29,,,0,100,,11289,29,,,0,100,,11288,29,,,0,100,,11287,29,,,0,100,,11286,29,,,0,100,,11285,29,,,0,100,,11284,29,,,0,100,,11283,29,,,0
601,'Sunday',833,,11298,29,,,0,100,,11299,29,,,0,113,,11300,29,,,0,100,,11301,29,,,0,100,,11302,29,,,0,100,,11303,29,,,0,104,,11304,29,,,0,100,,11305,29,,,0,100,,11306,29,,,0,100,,11307,29,,,0,100,,11308,29,,,0,100,,11309,29,,,0
601,'Weekday',542,,11310,29,,,0,101,,11311,29,,,0,70,,11312,29,,,0,32,,11313,29,,,0,73,,11314,29,,,0,30,,11315,29,,,0,70,,11316,29,,,0,30,,11317,29,,,0,70,,11318,29,,,0,30,,11319,29,,,0,70,,11320,29,,,0,30,,11321,29,,,0,70,,11322,29,,,0,30,,11323,29,,,0,70,,11324,29,,,0,30,,11325,29,,,0,66,,11326,29,,,0,34,,11327,29,,,0,68,,11328,29,,,0,37,,11329,29,,,0,76,,11332,29,,,0,76,,11333,29,,,0,32,,11334,29,,,0,63,,11335,29,,,0,26,,11336,29,,,0,23,,11337,29,,,0,70,,11338,29,,,0,28,,11339,29,,,0,100,,11330,29,,,0,100,,11331,29,,,0,100,,11340,29,,,0
5001,'Saturday',2337,,12317,33,,,0,100,,12316,33,,,0
5001,'Weekday',2337,,12319,33,,,0,100,,12318,33,,,0
5101,'Saturday',2342,,12327,29,,,0,96,,12326,29,,,0
5101,'Weekday',2342,,12330,29,,,0,96,,12329,29,,,0
8001,'Weekday',520,,12376,1,,,0,30,,12382,20,,,0,71,,12377,20,,,0,30,,12383,20,,,0,73,,12378,20,,,0,30,,12384,20,,,0,77,,12379,20,,,0,70,,12385,20,,,0,30,,12380,20,,,0,70,,12386,20,,,0,30,,12381,20,,,0,70,,12387,20,,,0,30,,12392,20,,,0,70,,12388,20,,,0,26,,12393,20,,,0,30,,12389,20,,,0,70,,12394,20,,,0,30,,12390,20,,,0,72,,12395,20,,,0,30,,12391,20,,,0,69,,12397,20,,,0,29,,12371,20,,,0,74,,12375,20,,,0,23,,12372,20,,,0,70,,12373,20,,,0,30,,12396,20,,,0,67,,12370,20,,,0,30,,12374,20,,,0
8101,'Weekday',608,,12430,39,,,0,30,,12435,39,,,0,72,,12431,39,,,0,32,,12436,39,,,0,70,,12432,39,,,0,37,,12437,39,,,0,70,,12433,39,,,0,27,,12438,39,,,0,70,,12434,39,,,0,30,,12441,39,,,0,70,,12442,39,,,0,30,,12443,39,,,0,70,,12444,39,,,0,26,,12445,39,,,0,70,,12446,39,,,0,30,,12447,39,,,0,70,,12448,39,,,0,30,,12449,39,,,0,73,,12450,39,,,0,30,,12439,39,,,0,74,,12451,39,,,0,30,,12440,39,,,0,70,,12428,39,,,0,28,,12426,39,,,0,67,,12427,39,,,0,30,,12452,39,,,0,68,,12429,39,,,0
