100,'Saturday',704,,10201,51,,,0,15,,10202,51,,,0,15,,10203,51,,,0,15,,10204,51,,,0,55,,10205,51,,,0,15,,10206,51,,,0,18,,10207,51,,,0,15,,10208,51,,,0,55,,10209,51,,,0,15,,10210,51,,,0,17,,10211,51,,,0,16,,10212,51,,,0,56,,10213,51,,,0,15,,10190,51,,,0,15,,10177,51,,,0,15,,10184,51,,,0,55,,10167,51,,,0,15,,10191,51,,,0,15,,10175,51,,,0,13,,10214,51,,,0,54,,10178,51,,,0,14,,10174,51,,,0,14,,10168,51,,,0,14,,10192,51,,,0,54,,10199,51,,,0,14,,10179,51,,,0,14,,10215,51,,,0,14,,10173,51,,,0,54,,10169,51,,,0,14,,10165,51,,,0,14,,10166,51,,,0,14,,10180,51,,,0,14,,10197,51,,,0,54,,10216,51,,,0,14,,10193,51,,,0,14,,10187,51,,,0,14,,10189,51,,,0,54,,10181,51,,,0,14,,10164,51,,,0,14,,10170,51,,,0,14,,10217,51,,,0,55,,10194,51,,,0,13,,10186,51,,,0,15,,10176,51,,,0,14,,10182,51,,,0,14,,10185,51,,,0,52,,10171,51,,,0,13,,10195,51,,,0,11,,10200,51,,,0,15,,10188,51,,,0,55,,10183,51,,,0,15,,10198,51,,,0,15,,10172,51,,,0,15,,10196,51,,,0,55,,10154,51,,,0,30,,10158,51,,,0,70,,10161,51,,,0,30,,10155,51,,,0,70,,10159,51,,,0,30,,10162,51,,,0,70,,10156,51,,,0,30,,10160,51,,,0,68,,10163,51,,,0,25,,10157,51,,,0,26,,10218,51,,,0
100,'Sunday',704,,10263,51,,,0,15,,10264,51,,,0,15,,10265,51,,,0,15,,10266,51,,,0,55,,10267,51,,,0,15,,10268,51,,,0,18,,10269,51,,,0,15,,10270,51,,,0,55,,10271,51,,,0,15,,10272,51,,,0,17,,10273,51,,,0,16,,10274,51,,,0,56,,10275,51,,,0,15,,10252,51,,,0,15,,10239,51,,,0,15,,10246,51,,,0,55,,10229,51,,,0,15,,10253,51,,,0,15,,10237,51,,,0,13,,10276,51,,,0,54,,10240,51,,,0,14,,10236,51,,,0,14,,10230,51,,,0,14,,10254,51,,,0,54,,10261,51,,,0,14,,10241,51,,,0,14,,10277,51,,,0,14,,10235,51,,,0,54,,10231,51,,,0,14,,10227,51,,,0,14,,10228,51,,,0,14,,10242,51,,,0,14,,10259,51,,,0,54,,10278,51,,,0,14,,10255,51,,,0,14,,10249,51,,,0,14,,10251,51,,,0,54,,10243,51,,,0,14,,10226,51,,,0,14,,10232,51,,,0,14,,10279,51,,,0,55,,10256,51,,,0,13,,10248,51,,,0,15,,10238,51,,,0,14,,10244,51,,,0,14,,10247,51,,,0,52,,10233,51,,,0,13,,10257,51,,,0,11,,10262,51,,,0,15,,10250,51,,,0,55,,10245,51,,,0,15,,10260,51,,,0,15,,10234,51,,,0,18,,10258,51,,,0,58,,10219,51,,,0,30,,10222,51,,,0,70,,10224,51,,,0,30,,10220,51,,,0,70,,10223,51,,,0,30,,10225,51,,,0,70,,10221,51,,,0
100,'Weekday',518,,10280,51,,,0,15,,10281,51,,,0,12,,10282,51,,,0,12,,10283,51,,,0,56,,10284,51,,,0,12,,10285,51,,,0,12,,10286,51,,,0,12,,10287,51,,,0,52,,10288,51,,,0,14,,10289,51,,,0,12,,10290,51,,,0,12,,10291,51,,,0,12,,10292,51,,,0,52,,10293,51,,,0,15,,10294,51,,,0,12,,10295,51,,,0,12,,10296,51,,,0,12,,10297,51,,,0,52,,10298,51,,,0,11,,10299,51,,,0,12,,10300,51,,,0,12,,10301,51,,,0,12,,10302,51,,,0,52,,10303,51,,,0,12,,10304,51,,,0,12,,10305,51,,,0,12,,10306,51,,,0,12,,10307,51,,,0,52,,10308,51,,,0,13,,10309,51,,,0,12,,10310,51,,,0,12,,10311,51,,,0,13,,10312,51,,,0,52,,10313,51,,,0,12,,10314,51,,,0,12,,10315,51,,,0,13,,10316,51,,,0,13,,10317,51,,,0,52,,10318,51,,,0,12,,10319,51,,,0,12,,10320,51,,,0,11,,10321,51,,,0,12,,10322,51,,,0,53,,10323,51,,,0,11,,10324,51,,,0,12,,10325,51,,,0,12,,10326,51,,,0,10,,10327,51,,,0,51,,10328,51,,,0,11,,10329,51,,,0,11,,10330,51,,,0,10,,10331,51,,,0,10,,10332,51,,,0,11,,10333,51,,,0,51,,10334,51,,,0,10,,10335,51,,,0,10,,10336,51,,,0,11,,10337,51,,,0,10,,10338,51,,,0,51,,10339,51,,,0,11,,10340,51,,,0,11,,10341,51,,,0,10,,10342,51,,,0,10,,10343,51,,,0,12,,10344,51,,,0,50,,10345,51,,,0,8,,10346,51,,,0,11,,10347,51,,,0,11,,10348,51,,,0,11,,10349,51,,,0,11,,10350,51,,,0,52,,10351,51,,,0,12,,10352,51,,,0,12,,10353,51,,,0,8,,10354,51,,,0,12,,10355,51,,,0,52,,10356,51,,,0,12,,10357,51,,,0,12,,10358,51,,,0,12,,10359,51,,,0,12,,10360,51,,,0,52,,10361,51,,,0,15,,10362,51,,,0,14,,10363,51,,,0,13,,10364,51,,,0,55,,10365,51,,,0,15,,10366,51,,,0,15,,10367,51,,,0,15,,10368,51,,,0,53,,10369,51,,,0,15,,10370,51,,,0,15,,10371,51,,,0,20,,10372,51,,,0,55,,10373,51,,,0,15,,10374,51,,,0,15,,10375,51,,,0,15,,10376,51,,,0,55,,10377,51,,,0,15,,10378,51,,,0
400,'Saturday',928,,11134,85,,,0,100,,11140,85,,,0,100,,11135,85,,,0,100,,11141,85,,,0,100,,11136,85,,,0,100,,11142,85,,,0,100,,11137,85,,,0,100,,11143,85,,,0,100,,11138,85,,,0,100,,11144,85,,,0,100,,11139,85,,,0,100,,11145,85,,,0,98,,11146,85,,,0
400,'Sunday',1228,,11147,85,,,0,100,,11151,85,,,0,100,,11148,85,,,0,100,,11152,85,,,0,100,,11149,85,,,0,100,,11153,85,,,0,100,,11150,85,,,0
400,'Weekday',626,,11154,85,,,0,101,,11155,85,,,0,105,,11156,85,,,0,23,,11157,85,,,0,77,,11158,85,,,0,69,,11159,85,,,0,31,,11160,85,,,0,70,,11161,85,,,0,30,,11162,85,,,0,70,,11163,85,,,0,30,,11164,85,,,0,70,,11165,85,,,0,30,,11166,85,,,0,70,,11167,85,,,0,30,,11168,85,,,0,70,,11169,85,,,0,34,,11170,85,,,0,71,,11171,85,,,0,26,,11172,85,,,0,70,,11173,85,,,0,30,,11174,85,,,0,70,,11175,85,,,0,31,,11176,85,,,0,67,,11180,85,,,0,30,,11177,85,,,0,96,,11178,85,,,0,99,,11179,85,,,0
1000,'Saturday',734,,11347,66,,,0,70,,11348,66,,,0,31,,11349,66,,,0,70,,11350,66,,,0,30,,11351,66,,,0,18,,11391,66,,,0,55,,11352,66,,,0,15,,11353,66,,,0,15,,11354,66,,,0,15,,11355,66,,,0,55,,11356,66,,,0,15,,11357,66,,,0,15,,11358,66,,,0,15,,11359,66,,,0,55,,11360,66,,,0,15,,11361,66,,,0,15,,11362,66,,,0,15,,11363,66,,,0,55,,11364,66,,,0,15,,11365,66,,,0,15,,11366,66,,,0,15,,11367,66,,,0,55,,11368,66,,,0,15,,11369,66,,,0,15,,11370,66,,,0,15,,11371,66,,,0,55,,11372,66,,,0,15,,11373,66,,,0,15,,11374,66,,,0,15,,11375,66,,,0,55,,11376,66,,,0,15,,11377,66,,,0,15,,11378,66,,,0,15,,11379,66,,,0,55,,11380,66,,,0,15,,11381,66,,,0,15,,11382,66,,,0,15,,11383,66,,,0,55,,11384,66,,,0,15,,11385,66,,,0,15,,11386,66,,,0,15,,11387,66,,,0,55,,11388,66,,,0,27,,11389,66,,,0,70,,11390,66,,,0,30,,11343,66,,,0,70,,11341,66,,,0,30,,11345,66,,,0,70,,11344,66,,,0,30,,11342,66,,,0,70,,11346,66,,,0
1000,'Sunday',839,,11434,66,,,0,70,,11428,66,,,0,30,,11433,66,,,0,69,,11425,66,,,0,30,,11427,66,,,0,70,,11405,66,,,0,15,,11393,66,,,0,15,,11396,66,,,0,15,,11415,66,,,0,55,,11413,66,,,0,15,,11406,66,,,0,15,,11412,66,,,0,15,,11397,66,,,0,55,,11416,66,,,0,15,,11404,66,,,0,15,,11407,66,,,0,15,,11422,66,,,0,55,,11398,66,,,0,15,,11417,66,,,0,15,,11411,66,,,0,15,,11408,66,,,0,55,,11402,66,,,0,15,,11399,66,,,0,15,,11418,66,,,0,15,,11395,66,,,0,55,,11409,66,,,0,15,,11421,66,,,0,15,,11400,66,,,0,15,,11419,66,,,0,55,,11414,66,,,0,15,,11410,66,,,0,15,,11394,66,,,0,15,,11401,66,,,0,55,,11420,66,,,0,15,,11403,66,,,0,15,,11392,66,,,0,70,,11423,66,,,0,27,,11429,66,,,0,70,,11424,66,,,0,30,,11430,66,,,0,70,,11426,66,,,0,30,,11431,66,,,0,70,,11432,66,,,0
1000,'Weekday',528,,11445,66,,,0,30,,11454,66,,,0,66,,11440,66,,,0,30,,11471,66,,,0,55,,11468,66,,,0,15,,11472,66,,,0,10,,11464,66,,,0,17,,11473,66,,,0,55,,11449,66,,,0,15,,11474,66,,,0,15,,11455,66,,,0,17,,11475,66,,,0,55,,11435,66,,,0,15,,11476,66,,,0,15,,11461,66,,,0,15,,11477,66,,,0,55,,11470,66,,,0,15,,11478,66,,,0,15,,11467,66,,,0,15,,11479,66,,,0,55,,11456,66,,,0,15,,11480,66,,,0,15,,11452,66,,,0,15,,11481,66,,,0,57,,11444,66,,,0,18,,11482,66,,,0,15,,11453,66,,,0,15,,11483,66,,,0,55,,11439,66,,,0,15,,11484,66,,,0,15,,11457,66,,,0,15,,11485,66,,,0,55,,11469,66,,,0,15,,11486,66,,,0,15,,11443,66,,,0,15,,11487,66,,,0,54,,11466,66,,,0,12,,11488,66,,,0,15,,11463,66,,,0,12,,11489,66,,,0,55,,11458,66,,,0,15,,11490,66,,,0,15,,11462,66,,,0,15,,11491,66,,,0,55,,11451,66,,,0,15,,11492,66,,,0,15,,11446,66,,,0,15,,11493,66,,,0,55,,11448,66,,,0,12,,11494,66,,,0,15,,11459,66,,,0,15,,11495,66,,,0,58,,11447,66,,,0,18,,11496,66,,,0,13,,11442,66,,,0,70,,11465,66,,,0,30,,11450,66,,,0,70,,11460,66,,,0,30,,11436,66,,,0,70,,11438,66,,,0,27,,11441,66,,,0,70,,11437,66,,,0
1101,'Saturday',732,,11783,30,,,0,70,,11784,30,,,0,30,,11769,30,,,0,71,,11785,30,,,0,30,,11770,30,,,0,70,,11786,30,,,0,30,,11771,30,,,0,71,,11787,30,,,0,30,,11772,30,,,0,70,,11788,30,,,0,30,,11773,30,,,0,70,,11789,30,,,0,30,,11774,30,,,0,70,,11790,30,,,0,30,,11775,30,,,0,70,,11791,30,,,0,30,,11776,30,,,0,70,,11792,30,,,0,30,,11777,30,,,0,70,,11793,30,,,0,30,,11778,30,,,0,69,,11794,30,,,0,30,,11779,30,,,0,70,,11795,30,,,0,30,,11780,30,,,0,71,,11796,30,,,0,30,,11781,30,,,0,70,,11797,30,,,0,30,,11782,30,,,0,70,,11798,30,,,0
1101,'Sunday',832,,11811,30,,,0,71,,11810,30,,,0,30,,11809,30,,,0,70,,11812,30,,,0,30,,11808,30,,,0,71,,11813,30,,,0,30,,11807,30,,,0,70,,11814,30,,,0,30,,11815,30,,,0,70,,11806,30,,,0,30,,11816,30,,,0,70,,11805,30,,,0,30,,11804,30,,,0,70,,11817,30,,,0,30,,11803,30,,,0,70,,11818,30,,,0,30,,11819,30,,,0,70,,11802,30,,,0,30,,11820,30,,,0,69,,11801,30,,,0,30,,11821,30,,,0,70,,11800,30,,,0,30,,11799,30,,,0,71,,11822,30,,,0,30,,11823,30,,,0,70,,11824,30,,,0,30,,11825,30,,,0
1101,'Weekday',528,,11826,30,,,0,28,,11827,30,,,0,54,,11885,30,,,0,12,,11828,30,,,0,15,,11880,30,,,0,15,,11829,30,,,0,55,,11881,30,,,0,15,,11830,30,,,0,14,,11831,30,,,0,15,,11832,30,,,0,58,,11833,30,,,0,15,,11834,30,,,0,15,,11835,30,,,0,15,,11836,30,,,0,60,,11837,30,,,0,12,,11871,30,,,0,16,,11838,30,,,0,15,,11872,30,,,0,55,,11839,30,,,0,15,,11873,30,,,0,15,,11840,30,,,0,15,,11874,30,,,0,55,,11841,30,,,0,15,,11875,30,,,0,15,,11842,30,,,0,15,,11876,30,,,0,55,,11843,30,,,0,15,,11877,30,,,0,15,,11844,30,,,0,15,,11878,30,,,0,55,,11845,30,,,0,15,,11879,30,,,0,15,,11846,30,,,0,15,,11869,30,,,0,55,,11847,30,,,0,15,,11870,30,,,0,15,,11848,30,,,0,64,,11849,30,,,0,20,,11850,30,,,0,15,,11851,30,,,0,15,,11852,30,,,0,55,,11882,30,,,0,15,,11853,30,,,0,15,,11854,30,,,0,15,,11855,30,,,0,60,,11856,30,,,0,15,,11883,30,,,0,15,,11857,30,,,0,13,,11858,30,,,0,55,,11859,30,,,0,15,,11884,30,,,0,15,,11860,30,,,0,68,,11861,30,,,0,30,,11862,30,,,0,70,,11863,30,,,0,28,,11864,30,,,0,70,,11865,30,,,0,30,,11866,30,,,0,70,,11867,30,,,0,29,,11868,30,,,0
2501,'Saturday',733,,12201,32,,,0,70,,12202,32,,,0,30,,12200,32,,,0,70,,12203,32,,,0,30,,12199,32,,,0,70,,12204,32,,,0,30,,12198,32,,,0,70,,12205,32,,,0,30,,12197,32,,,0,70,,12206,32,,,0,30,,12196,32,,,0,70,,12207,32,,,0,30,,12195,32,,,0,70,,12208,32,,,0,30,,12194,32,,,0,70,,12209,32,,,0,30,,12193,32,,,0,70,,12210,32,,,0,30,,12192,32,,,0,70,,12211,32,,,0,30,,12191,32,,,0,70,,12212,32,,,0,30,,12190,32,,,0,70,,12213,32,,,0,30,,12189,32,,,0,70,,12214,32,,,0,30,,12216,32,,,0,70,,12215,32,,,0,30,,12217,32,,,0,70,,12218,32,,,0
2501,'Sunday',803,,12230,32,,,0,30,,12219,32,,,0,70,,12231,32,,,0,30,,12220,32,,,0,70,,12232,32,,,0,30,,12221,32,,,0,70,,12233,32,,,0,30,,12222,32,,,0,70,,12234,32,,,0,30,,12223,32,,,0,70,,12235,32,,,0,30,,12224,32,,,0,70,,12236,32,,,0,30,,12225,32,,,0,70,,12237,32,,,0,30,,12226,32,,,0,70,,12238,32,,,0,30,,12227,32,,,0,70,,12239,32,,,0,30,,12228,32,,,0,70,,12240,32,,,0,30,,12229,32,,,0,70,,12241,32,,,0,30,,12242,32,,,0,70,,12243,32,,,0,30,,12244,32,,,0,70,,12245,32,,,0,30,,12246,32,,,0
2501,'Weekday',525,,12247,32,,,0,28,,12248,32,,,0,72,,12249,32,,,0,26,,12250,32,,,0,71,,12251,32,,,0,16,,12252,32,,,0,15,,12253,32,,,0,55,,12254,32,,,0,17,,12255,32,,,0,15,,12256,32,,,0,14,,12257,32,,,0,55,,12258,32,,,0,13,,12295,32,,,0,15,,12259,32,,,0,15,,12296,32,,,0,55,,12260,32,,,0,15,,12297,32,,,0,15,,12261,32,,,0,16,,12298,32,,,0,55,,12262,32,,,0,15,,12299,32,,,0,15,,12263,32,,,0,15,,12300,32,,,0,55,,12264,32,,,0,15,,12301,32,,,0,15,,12265,32,,,0,15,,12302,32,,,0,55,,12266,32,,,0,16,,12303,32,,,0,15,,12267,32,,,0,14,,12304,32,,,0,55,,12268,32,,,0,15,,12305,32,,,0,15,,12269,32,,,0,20,,12270,32,,,0,53,,12271,32,,,0,17,,12272,32,,,0,15,,12273,32,,,0,15,,12274,32,,,0,55,,12275,32,,,0,16,,12276,32,,,0,15,,12277,32,,,0,15,,12278,32,,,0,55,,12279,32,,,0,15,,12280,32,,,0,15,,12281,32,,,0,13,,12282,32,,,0,55,,12283,32,,,0,28,,12284,32,,,0,70,,12285,32,,,0,28,,12286,32,,,0,70,,12287,32,,,0,29,,12288,32,,,0,69,,12289,32,,,0,30,,12290,32,,,0,69,,12291,32,,,0,30,,12292,32,,,0,69,,12293,32,,,0,30,,12294,32,,,0
8000,'Weekday',537,,12368,9,,,0,70,,12363,21,,,0,31,,12359,21,,,0,70,,12364,21,,,0,30,,12360,21,,,0,73,,12365,21,,,0,30,,12361,21,,,0,70,,12366,21,,,0,30,,12362,21,,,0,74,,12367,21,,,0,30,,12344,21,,,0,70,,12350,21,,,0,30,,12345,21,,,0,65,,12351,21,,,0,30,,12346,21,,,0,70,,12352,21,,,0,30,,12347,21,,,0,70,,12353,21,,,0,31,,12348,21,,,0,70,,12354,21,,,0,30,,12349,21,,,0,71,,12357,21,,,0,23,,12358,21,,,0,69,,12356,21,,,0,31,,12355,21,,,0,69,,12369,21,,,0,31,,12342,21,,,0,74,,12343,21,,,0
8100,'Weekday',535,,12425,32,,,0,70,,12404,41,,,0,32,,12409,41,,,0,71,,12405,41,,,0,32,,12410,41,,,0,71,,12406,41,,,0,33,,12411,41,,,0,72,,12407,41,,,0,30,,12412,41,,,0,70,,12408,41,,,0,29,,12415,41,,,0,70,,12416,41,,,0,30,,12417,41,,,0,65,,12418,41,,,0,30,,12419,41,,,0,70,,12420,41,,,0,30,,12421,41,,,0,70,,12422,41,,,0,27,,12423,41,,,0,72,,12424,41,,,0,30,,12413,41,,,0,73,,12414,41,,,0,26,,12398,41,,,0,69,,12402,41,,,0,31,,12400,41,,,0,69,,12399,41,,,0,32,,12403,41,,,0,67,,12401,41,,,0
