301,'Holiday21111111',733,,6885,22,,,0,100,,6886,22,,,0,70,,6909,22,,,0,30,,6887,22,,,0,70,,6898,22,,,0,32,,6888,22,,,0,70,,6899,22,,,0,30,,6889,22,,,0,70,,6900,22,,,0,30,,6890,22,,,0,70,,6901,22,,,0,30,,6891,22,,,0,70,,6902,22,,,0,30,,6892,22,,,0,70,,6903,22,,,0,30,,6893,22,,,0,70,,6904,22,,,0,30,,6894,22,,,0,70,,6905,22,,,0,30,,6895,22,,,0,70,,6906,22,,,0,29,,6896,22,,,0,70,,6907,22,,,0,33,,6897,22,,,0,70,,6908,22,,,0,30,,6910,22,,,0,70,,6911,22,,,0,29,,6912,22,,,0
301,'Saturday',603,,6966,22,,,0,100,,6950,22,,,0,101,,6951,22,,,0,100,,6952,22,,,0,30,,6980,22,,,0,70,,6967,22,,,0,31,,6953,22,,,0,20,,6968,22,,,0,60,,6982,22,,,0,20,,6954,22,,,0,20,,6969,22,,,0,60,,6983,22,,,0,25,,6955,22,,,0,60,,6970,22,,,0,20,,6984,22,,,0,20,,6956,22,,,0,60,,6971,22,,,0,20,,6985,22,,,0,20,,6957,22,,,0,65,,6972,22,,,0,20,,6986,22,,,0,20,,6958,22,,,0,60,,6973,22,,,0,20,,6981,22,,,0,20,,6959,22,,,0,60,,6974,22,,,0,30,,6960,22,,,0,70,,6975,22,,,0,29,,6961,22,,,0,70,,6976,22,,,0,30,,6962,22,,,0,70,,6977,22,,,0,30,,6963,22,,,0,70,,6978,22,,,0,29,,6964,22,,,0,70,,6979,22,,,0,30,,6965,22,,,0
301,'Sunday',734,,6987,22,,,0,100,,6988,22,,,0,100,,6989,22,,,0,20,,7000,22,,,0,60,,7014,22,,,0,21,,6990,22,,,0,20,,7001,22,,,0,60,,7015,22,,,0,20,,6991,22,,,0,20,,7002,22,,,0,60,,7016,22,,,0,25,,6992,22,,,0,60,,7003,22,,,0,20,,7017,22,,,0,20,,6993,22,,,0,60,,7004,22,,,0,20,,7018,22,,,0,20,,6994,22,,,0,65,,7005,22,,,0,20,,7019,22,,,0,20,,6995,22,,,0,60,,7006,22,,,0,20,,7020,22,,,0,20,,6996,22,,,0,60,,7007,22,,,0,30,,6997,22,,,0,70,,7008,22,,,0,29,,6998,22,,,0,70,,7009,22,,,0,30,,6999,22,,,0,70,,7010,22,,,0,30,,7011,22,,,0,70,,7012,22,,,0,29,,7013,22,,,0
301,'Weekday',500,,9469,22,,,0,26,,9449,22,,,0,30,,9418,22,,,0,70,,9420,22,,,0,15,,9467,22,,,0,15,,9478,22,,,0,55,,9448,22,,,0,16,,9421,22,,,0,15,,9466,22,,,0,15,,9475,22,,,0,55,,9422,22,,,0,15,,9472,22,,,0,15,,9470,22,,,0,15,,9423,22,,,0,55,,9473,22,,,0,15,,9477,22,,,0,15,,9471,22,,,0,16,,9424,22,,,0,55,,9425,22,,,0,15,,9447,22,,,0,15,,9446,22,,,0,11,,9426,22,,,0,55,,9476,22,,,0,15,,9463,22,,,0,15,,9427,22,,,0,15,,9428,22,,,0,55,,9458,22,,,0,15,,9429,22,,,0,15,,9462,22,,,0,15,,9430,22,,,0,55,,9431,22,,,0,15,,9456,22,,,0,15,,9432,22,,,0,15,,9433,22,,,0,55,,9455,22,,,0,15,,9434,22,,,0,15,,9435,22,,,0,18,,9436,22,,,0,55,,9474,22,,,0,15,,9460,22,,,0,15,,9468,22,,,0,15,,9457,22,,,0,55,,9437,22,,,0,15,,9453,22,,,0,15,,9438,22,,,0,15,,9439,22,,,0,55,,9452,22,,,0,15,,9440,22,,,0,15,,9461,22,,,0,12,,9441,22,,,0,55,,9451,22,,,0,23,,9442,22,,,0,15,,9465,22,,,0,55,,9443,22,,,0,14,,9444,22,,,0,17,,9445,22,,,0,70,,9464,22,,,0,30,,9479,22,,,0,70,,9454,22,,,0,30,,9450,22,,,0,70,,9459,22,,,0,29,,9419,22,,,0,70,,9417,22,,,0
601,'Holiday21111111',832,,7300,28,,,0,100,,7301,28,,,0,113,,7302,28,,,0,100,,7303,28,,,0,100,,7304,28,,,0,100,,7305,28,,,0,104,,7306,28,,,0,100,,7307,28,,,0,100,,7308,28,,,0,100,,7309,28,,,0,100,,7310,28,,,0,100,,7311,28,,,0
601,'Saturday',732,,7341,28,,,0,100,,7340,28,,,0,100,,7339,28,,,0,110,,7338,28,,,0,100,,7337,28,,,0,100,,7336,28,,,0,100,,7335,28,,,0,100,,7334,28,,,0,100,,7333,28,,,0,100,,7332,28,,,0,100,,7331,28,,,0,100,,7330,28,,,0,100,,7329,28,,,0,100,,7328,28,,,0,100,,7327,28,,,0
601,'Sunday',832,,7342,28,,,0,100,,7343,28,,,0,113,,7344,28,,,0,100,,7345,28,,,0,100,,7346,28,,,0,100,,7347,28,,,0,104,,7348,28,,,0,100,,7349,28,,,0,100,,7350,28,,,0,100,,7351,28,,,0,100,,7352,28,,,0,100,,7353,28,,,0
601,'Weekday',541,,9564,28,,,0,101,,9565,28,,,0,70,,9566,28,,,0,32,,9567,28,,,0,73,,9568,28,,,0,30,,9569,28,,,0,70,,9570,28,,,0,30,,9571,28,,,0,65,,9572,28,,,0,30,,9573,28,,,0,70,,9574,28,,,0,30,,9575,28,,,0,70,,9576,28,,,0,30,,9577,28,,,0,70,,9578,28,,,0,30,,9579,28,,,0,70,,9580,28,,,0,34,,9581,28,,,0,69,,9582,28,,,0,32,,9583,28,,,0,80,,9592,28,,,0,76,,9587,28,,,0,32,,9594,28,,,0,24,,9590,28,,,0,64,,9589,28,,,0,25,,9586,28,,,0,70,,9591,28,,,0,28,,9588,28,,,0,100,,9584,28,,,0,100,,9585,28,,,0,100,,9593,28,,,0
5201,'Saturday',2333,,8895,7,,,0,98,,8894,7,,,0
5201,'Weekday',2343,,10019,7,,,0,88,,10018,7,,,0
8101,'Weekday',608,,10108,38,,,0,31,,10113,38,,,0,70,,10109,38,,,0,34,,10114,38,,,0,70,,10110,38,,,0,39,,10115,38,,,0,66,,10111,38,,,0,30,,10116,38,,,0,68,,10112,38,,,0,30,,10119,38,,,0,70,,10120,38,,,0,30,,10121,38,,,0,71,,10122,38,,,0,26,,10123,38,,,0,70,,10124,38,,,0,30,,10125,38,,,0,71,,10126,38,,,0,30,,10127,38,,,0,72,,10128,38,,,0,30,,10117,38,,,0,60,,10131,38,,,0,15,,10129,38,,,0,31,,10118,38,,,0,69,,10106,38,,,0,28,,10104,38,,,0,66,,10105,38,,,0,29,,10130,38,,,0,69,,10107,38,,,0
