101,'Holiday21111111',644,,5958,16,,,0,15,,5959,16,,,0,55,,5960,16,,,0,15,,5961,16,,,0,15,,5962,16,,,0,15,,5963,16,,,0,55,,5964,16,,,0,15,,5965,16,,,0,10,,5966,16,,,0,15,,5967,16,,,0,56,,5968,16,,,0,15,,5969,16,,,0,15,,5970,16,,,0,15,,5971,16,,,0,55,,5972,16,,,0,15,,5973,16,,,0,15,,5974,16,,,0,15,,5975,16,,,0,55,,5976,16,,,0,15,,5977,16,,,0,15,,5978,16,,,0,15,,5979,16,,,0,55,,5980,16,,,0,15,,5981,16,,,0,15,,5982,16,,,0,15,,5983,16,,,0,55,,5984,16,,,0,15,,5985,16,,,0,15,,5986,16,,,0,15,,5987,16,,,0,55,,5988,16,,,0,15,,5989,16,,,0,15,,5990,16,,,0,15,,5991,16,,,0,55,,5992,16,,,0,15,,5993,16,,,0,15,,5994,16,,,0,15,,5995,16,,,0,55,,5996,16,,,0,15,,5997,16,,,0,15,,5998,16,,,0,15,,5999,16,,,0,55,,6000,16,,,0,15,,6001,16,,,0,15,,6002,16,,,0,15,,6003,16,,,0,54,,6004,16,,,0,18,,6005,16,,,0,15,,6006,16,,,0,15,,6007,16,,,0,55,,6008,16,,,0,15,,5953,16,,,0,30,,5955,16,,,0,70,,5957,16,,,0,30,,5954,16,,,0,70,,5956,16,,,0,30,,6010,16,,,0,70,,6009,16,,,0
101,'Saturday',644,,6086,16,,,0,15,,6087,16,,,0,55,,6088,16,,,0,10,,6089,16,,,0,15,,6090,16,,,0,15,,6091,16,,,0,55,,6092,16,,,0,15,,6093,16,,,0,15,,6094,16,,,0,15,,6095,16,,,0,56,,6096,16,,,0,15,,6097,16,,,0,15,,6098,16,,,0,15,,6099,16,,,0,55,,6100,16,,,0,14,,6101,16,,,0,11,,6138,16,,,0,14,,6102,16,,,0,54,,6103,16,,,0,14,,6104,16,,,0,14,,6105,16,,,0,14,,6106,16,,,0,14,,6107,16,,,0,54,,6137,16,,,0,14,,6108,16,,,0,14,,6109,16,,,0,14,,6110,16,,,0,54,,6111,16,,,0,13,,6112,16,,,0,14,,6113,16,,,0,14,,6135,16,,,0,54,,6114,16,,,0,14,,6115,16,,,0,14,,6116,16,,,0,14,,6117,16,,,0,54,,6118,16,,,0,14,,6119,16,,,0,14,,6136,16,,,0,14,,6120,16,,,0,14,,6121,16,,,0,54,,6122,16,,,0,14,,6123,16,,,0,14,,6124,16,,,0,14,,6125,16,,,0,54,,6126,16,,,0,15,,6127,16,,,0,15,,6128,16,,,0,15,,6129,16,,,0,55,,6130,16,,,0,17,,6131,16,,,0,18,,6132,16,,,0,15,,6133,16,,,0,55,,6134,16,,,0,15,,6078,16,,,0,30,,6081,16,,,0,70,,6075,16,,,0,30,,6079,16,,,0,69,,6082,16,,,0,30,,6076,16,,,0,70,,6080,16,,,0,30,,6083,16,,,0,70,,6077,16,,,0,30,,6084,16,,,0,69,,6085,16,,,0
101,'Sunday',644,,6146,16,,,0,15,,6147,16,,,0,55,,6148,16,,,0,10,,6149,16,,,0,15,,6150,16,,,0,15,,6151,16,,,0,55,,6152,16,,,0,15,,6153,16,,,0,15,,6154,16,,,0,15,,6155,16,,,0,56,,6156,16,,,0,15,,6157,16,,,0,15,,6158,16,,,0,15,,6159,16,,,0,55,,6160,16,,,0,14,,6161,16,,,0,11,,6198,16,,,0,14,,6162,16,,,0,54,,6163,16,,,0,14,,6164,16,,,0,14,,6165,16,,,0,14,,6166,16,,,0,14,,6167,16,,,0,54,,6197,16,,,0,14,,6168,16,,,0,14,,6169,16,,,0,14,,6170,16,,,0,54,,6171,16,,,0,13,,6172,16,,,0,14,,6173,16,,,0,14,,6195,16,,,0,54,,6174,16,,,0,14,,6175,16,,,0,14,,6176,16,,,0,14,,6177,16,,,0,54,,6178,16,,,0,14,,6179,16,,,0,14,,6196,16,,,0,14,,6180,16,,,0,14,,6181,16,,,0,54,,6182,16,,,0,14,,6183,16,,,0,14,,6184,16,,,0,14,,6185,16,,,0,54,,6186,16,,,0,15,,6187,16,,,0,15,,6188,16,,,0,15,,6189,16,,,0,55,,6190,16,,,0,17,,6191,16,,,0,18,,6192,16,,,0,15,,6193,16,,,0,55,,6194,16,,,0,18,,6141,16,,,0,30,,6144,16,,,0,70,,6139,16,,,0,30,,6142,16,,,0,69,,6145,16,,,0,30,,6140,16,,,0,70,,6143,16,,,0
101,'Weekday',501,,9221,16,,,0,15,,9222,16,,,0,12,,9223,16,,,0,12,,9224,16,,,0,12,,9225,16,,,0,52,,9226,16,,,0,12,,9230,16,,,0,12,,9229,16,,,0,12,,9227,16,,,0,15,,9214,16,,,0,54,,9217,16,,,0,12,,9218,16,,,0,12,,9215,16,,,0,13,,9219,16,,,0,12,,9220,16,,,0,52,,9174,16,,,0,12,,9161,16,,,0,12,,9162,16,,,0,12,,9163,16,,,0,12,,9164,16,,,0,52,,9165,16,,,0,12,,9166,16,,,0,12,,9167,16,,,0,12,,9168,16,,,0,12,,9169,16,,,0,52,,9170,16,,,0,12,,9171,16,,,0,12,,9172,16,,,0,13,,9173,16,,,0,12,,9149,16,,,0,52,,9154,16,,,0,12,,9155,16,,,0,12,,9153,16,,,0,12,,9160,16,,,0,12,,9151,16,,,0,52,,9147,16,,,0,12,,9148,16,,,0,12,,9150,16,,,0,12,,9159,16,,,0,12,,9156,16,,,0,50,,9231,16,,,0,10,,9158,16,,,0,11,,9157,16,,,0,11,,9209,16,,,0,10,,9152,16,,,0,50,,9210,16,,,0,9,,9232,16,,,0,9,,9211,16,,,0,9,,9212,16,,,0,9,,9213,16,,,0,9,,9183,16,,,0,9,,9185,16,,,0,50,,9178,16,,,0,10,,9181,16,,,0,11,,9194,16,,,0,11,,9187,16,,,0,11,,9201,16,,,0,10,,9216,16,,,0,50,,9192,16,,,0,10,,9197,16,,,0,10,,9200,16,,,0,10,,9195,16,,,0,10,,9189,16,,,0,10,,9193,16,,,0,50,,9190,16,,,0,10,,9182,16,,,0,11,,9199,16,,,0,10,,9202,16,,,0,10,,9196,16,,,0,9,,9180,16,,,0,52,,9198,16,,,0,12,,9186,16,,,0,12,,9191,16,,,0,12,,9179,16,,,0,12,,9188,16,,,0,50,,9177,16,,,0,10,,9184,16,,,0,10,,9175,16,,,0,10,,9176,16,,,0,10,,9203,16,,,0,10,,9204,16,,,0,51,,9205,16,,,0,12,,9206,16,,,0,12,,9207,16,,,0,12,,9208,16,,,0,10,,9132,16,,,0,55,,9133,16,,,0,15,,9135,16,,,0,15,,9134,16,,,0,14,,9137,16,,,0,60,,9136,16,,,0,20,,9142,16,,,0,15,,9138,16,,,0,55,,9143,16,,,0,15,,9139,16,,,0,15,,9144,16,,,0,15,,9140,16,,,0,55,,9145,16,,,0,15,,9141,16,,,0,15,,9146,16,,,0,15,,9228,16,,,0
601,'Holiday21111111',834,,7300,30,,,0,100,,7301,30,,,0,113,,7302,30,,,0,100,,7303,30,,,0,100,,7304,30,,,0,100,,7305,30,,,0,104,,7306,30,,,0,100,,7307,30,,,0,100,,7308,30,,,0,100,,7309,30,,,0,100,,7310,30,,,0,100,,7311,30,,,0
601,'Saturday',734,,7341,30,,,0,100,,7340,30,,,0,100,,7339,30,,,0,110,,7338,30,,,0,100,,7337,30,,,0,100,,7336,30,,,0,100,,7335,30,,,0,100,,7334,30,,,0,100,,7333,30,,,0,100,,7332,30,,,0,100,,7331,30,,,0,100,,7330,30,,,0,100,,7329,30,,,0,100,,7328,30,,,0,100,,7327,30,,,0
601,'Sunday',834,,7342,30,,,0,100,,7343,30,,,0,113,,7344,30,,,0,100,,7345,30,,,0,100,,7346,30,,,0,100,,7347,30,,,0,104,,7348,30,,,0,100,,7349,30,,,0,100,,7350,30,,,0,100,,7351,30,,,0,100,,7352,30,,,0,100,,7353,30,,,0
601,'Weekday',543,,9564,30,,,0,101,,9565,30,,,0,70,,9566,30,,,0,32,,9567,30,,,0,74,,9568,30,,,0,30,,9569,30,,,0,69,,9570,30,,,0,30,,9571,30,,,0,65,,9572,30,,,0,30,,9573,30,,,0,70,,9574,30,,,0,30,,9575,30,,,0,71,,9576,30,,,0,30,,9577,30,,,0,70,,9578,30,,,0,30,,9579,30,,,0,70,,9580,30,,,0,34,,9581,30,,,0,69,,9582,30,,,0,32,,9583,30,,,0,80,,9592,30,,,0,76,,9587,30,,,0,32,,9594,30,,,0,63,,9590,30,,,0,24,,9589,30,,,0,25,,9586,30,,,0,70,,9591,30,,,0,28,,9588,30,,,0,100,,9584,30,,,0,100,,9585,30,,,0,100,,9593,30,,,0
5001,'Saturday',2337,,8862,34,,,0,100,,8861,34,,,0
5001,'Weekday',2347,,10008,34,,,0,90,,10007,34,,,0
5101,'Saturday',2343,,8878,30,,,0,95,,8877,30,,,0
5101,'Weekday',2353,,10013,30,,,0,85,,10012,30,,,0
8001,'Weekday',522,,10054,2,,,0,30,,10060,21,,,0,71,,10055,21,,,0,30,,10061,21,,,0,73,,10056,21,,,0,30,,10062,21,,,0,77,,10057,21,,,0,70,,10063,21,,,0,30,,10058,21,,,0,70,,10064,21,,,0,29,,10059,21,,,0,70,,10065,21,,,0,30,,10070,21,,,0,70,,10066,21,,,0,27,,10071,21,,,0,30,,10067,21,,,0,70,,10072,21,,,0,30,,10068,21,,,0,72,,10073,21,,,0,70,,10069,21,,,0,29,,10075,21,,,0,29,,10049,21,,,0,74,,10053,21,,,0,23,,10050,21,,,0,70,,10051,21,,,0,30,,10074,21,,,0,66,,10048,21,,,0,30,,10052,21,,,0
8101,'Weekday',609,,10108,40,,,0,31,,10113,40,,,0,70,,10109,40,,,0,34,,10114,40,,,0,70,,10110,40,,,0,39,,10115,40,,,0,66,,10111,40,,,0,30,,10116,40,,,0,68,,10112,40,,,0,30,,10119,40,,,0,70,,10120,40,,,0,30,,10121,40,,,0,72,,10122,40,,,0,26,,10123,40,,,0,70,,10124,40,,,0,30,,10125,40,,,0,71,,10126,40,,,0,30,,10127,40,,,0,73,,10128,40,,,0,30,,10117,40,,,0,60,,10131,40,,,0,15,,10129,40,,,0,31,,10118,40,,,0,69,,10106,40,,,0,28,,10104,40,,,0,66,,10105,40,,,0,28,,10130,40,,,0,68,,10107,40,,,0
