401,'Holiday21111111',1058,,7158,39,,,0,100,,7154,39,,,0,100,,7151,39,,,0,100,,7155,39,,,0,100,,7152,39,,,0,100,,7156,39,,,0,100,,7153,39,,,0,98,,7157,39,,,0
401,'Saturday',958,,7170,39,,,0,100,,7175,39,,,0,100,,7171,39,,,0,100,,7176,39,,,0,100,,7172,39,,,0,100,,7177,39,,,0,100,,7173,39,,,0,100,,7178,39,,,0,98,,7174,39,,,0,100,,7179,39,,,0,100,,7180,39,,,0
401,'Sunday',1058,,7188,39,,,0,100,,7184,39,,,0,100,,7181,39,,,0,100,,7185,39,,,0,100,,7182,39,,,0,100,,7186,39,,,0,100,,7183,39,,,0,98,,7187,39,,,0
401,'Weekday',556,,9507,39,,,0,100,,9508,39,,,0,72,,9509,39,,,0,29,,9510,39,,,0,71,,9511,39,,,0,30,,9512,39,,,0,69,,9513,39,,,0,30,,9514,39,,,0,70,,9515,39,,,0,30,,9516,39,,,0,70,,9517,39,,,0,31,,9518,39,,,0,70,,9519,39,,,0,30,,9520,39,,,0,70,,9521,39,,,0,30,,9522,39,,,0,70,,9523,39,,,0,30,,9524,39,,,0,70,,9525,39,,,0,74,,9526,39,,,0,30,,9527,39,,,0,26,,9528,39,,,0,69,,9529,39,,,0,30,,9530,39,,,0,102,,9531,39,,,0,99,,9532,39,,,0
1001,'Holiday21111111',809,,7659,43,,,0,30,,7676,43,,,0,70,,7677,43,,,0,31,,7675,43,,,0,71,,7657,43,,,0,30,,7662,43,,,0,15,,7661,43,,,0,55,,7663,43,,,0,15,,7664,43,,,0,15,,7665,43,,,0,15,,7666,43,,,0,55,,7667,43,,,0,15,,7668,43,,,0,15,,7669,43,,,0,15,,7670,43,,,0,55,,7671,43,,,0,15,,7672,43,,,0,15,,7673,43,,,0,15,,7674,43,,,0,55,,7660,43,,,0,15,,7658,43,,,0,15,,7652,43,,,0,15,,7635,43,,,0,55,,7645,43,,,0,15,,7647,43,,,0,15,,7650,43,,,0,15,,7640,43,,,0,55,,7654,43,,,0,15,,7644,43,,,0,15,,7648,43,,,0,15,,7636,43,,,0,55,,7641,43,,,0,15,,7655,43,,,0,15,,7643,43,,,0,10,,7649,43,,,0,59,,7642,43,,,0,30,,7638,43,,,0,70,,7653,43,,,0,29,,7637,43,,,0,69,,7646,43,,,0,30,,7656,43,,,0,70,,7639,43,,,0,30,,7651,43,,,0
1001,'Saturday',739,,7770,43,,,0,70,,7771,43,,,0,30,,7772,43,,,0,70,,7773,43,,,0,31,,7774,43,,,0,16,,7776,43,,,0,55,,7775,43,,,0,15,,7777,43,,,0,15,,7761,43,,,0,15,,7769,43,,,0,55,,7746,43,,,0,15,,7753,43,,,0,15,,7734,43,,,0,15,,7762,43,,,0,55,,7743,43,,,0,15,,7747,43,,,0,15,,7754,43,,,0,15,,7735,43,,,0,55,,7763,43,,,0,15,,7758,43,,,0,15,,7748,43,,,0,15,,7755,43,,,0,55,,7736,43,,,0,15,,7764,43,,,0,15,,7757,43,,,0,15,,7749,43,,,0,55,,7742,43,,,0,15,,7737,43,,,0,15,,7765,43,,,0,15,,7744,43,,,0,55,,7750,43,,,0,15,,7741,43,,,0,15,,7738,43,,,0,15,,7766,43,,,0,55,,7759,43,,,0,15,,7751,43,,,0,15,,7756,43,,,0,15,,7739,43,,,0,55,,7767,43,,,0,14,,7760,43,,,0,15,,7752,43,,,0,15,,7745,43,,,0,55,,7740,43,,,0,29,,7768,43,,,0,69,,7728,43,,,0,30,,7732,43,,,0,70,,7730,43,,,0,30,,7729,43,,,0,70,,7733,43,,,0,30,,7731,43,,,0
1001,'Sunday',809,,7802,43,,,0,30,,7819,43,,,0,70,,7820,43,,,0,31,,7818,43,,,0,71,,7800,43,,,0,30,,7805,43,,,0,15,,7804,43,,,0,55,,7806,43,,,0,15,,7807,43,,,0,15,,7808,43,,,0,15,,7809,43,,,0,55,,7810,43,,,0,15,,7811,43,,,0,15,,7812,43,,,0,15,,7813,43,,,0,55,,7814,43,,,0,15,,7815,43,,,0,15,,7816,43,,,0,15,,7817,43,,,0,55,,7803,43,,,0,15,,7801,43,,,0,15,,7795,43,,,0,15,,7778,43,,,0,55,,7788,43,,,0,15,,7790,43,,,0,15,,7793,43,,,0,15,,7783,43,,,0,55,,7797,43,,,0,15,,7787,43,,,0,15,,7791,43,,,0,15,,7779,43,,,0,55,,7784,43,,,0,15,,7798,43,,,0,15,,7786,43,,,0,10,,7792,43,,,0,59,,7785,43,,,0,30,,7781,43,,,0,70,,7796,43,,,0,29,,7780,43,,,0,69,,7789,43,,,0,30,,7799,43,,,0,70,,7782,43,,,0,30,,7794,43,,,0
1001,'Weekday',537,,9657,43,,,0,68,,9658,43,,,0,30,,9659,43,,,0,15,,9692,43,,,0,55,,9660,43,,,0,15,,9693,43,,,0,17,,9661,43,,,0,15,,9694,43,,,0,55,,9662,43,,,0,20,,9695,43,,,0,15,,9663,43,,,0,15,,9696,43,,,0,55,,9664,43,,,0,15,,9697,43,,,0,15,,9665,43,,,0,15,,9698,43,,,0,55,,9666,43,,,0,15,,9699,43,,,0,15,,9667,43,,,0,15,,9700,43,,,0,55,,9668,43,,,0,15,,9701,43,,,0,15,,9669,43,,,0,15,,9702,43,,,0,55,,9670,43,,,0,15,,9703,43,,,0,15,,9671,43,,,0,15,,9704,43,,,0,55,,9672,43,,,0,15,,9705,43,,,0,15,,9673,43,,,0,15,,9706,43,,,0,55,,9674,43,,,0,17,,9707,43,,,0,15,,9675,43,,,0,15,,9708,43,,,0,55,,9676,43,,,0,15,,9709,43,,,0,12,,9677,43,,,0,15,,9710,43,,,0,55,,9678,43,,,0,15,,9711,43,,,0,15,,9679,43,,,0,15,,9712,43,,,0,52,,9680,43,,,0,15,,9713,43,,,0,15,,9681,43,,,0,18,,9714,43,,,0,55,,9682,43,,,0,12,,9715,43,,,0,18,,9683,43,,,0,15,,9716,43,,,0,55,,9684,43,,,0,30,,9685,43,,,0,70,,9686,43,,,0,30,,9687,43,,,0,70,,9688,43,,,0,29,,9689,43,,,0,70,,9690,43,,,0,30,,9691,43,,,0
5201,'Saturday',2338,,8895,15,,,0,98,,8894,15,,,0
5201,'Weekday',2348,,10019,15,,,0,88,,10018,15,,,0
