200,'Holiday21111111',810,,6300,38,,,0,100,,6301,38,,,0,32,,6324,38,,,0,70,,6302,38,,,0,30,,6313,38,,,0,70,,6303,38,,,0,30,,6314,38,,,0,70,,6304,38,,,0,30,,6315,38,,,0,70,,6305,38,,,0,30,,6316,38,,,0,70,,6306,38,,,0,30,,6317,38,,,0,70,,6307,38,,,0,30,,6318,38,,,0,70,,6308,38,,,0,30,,6319,38,,,0,70,,6309,38,,,0,30,,6320,38,,,0,70,,6310,38,,,0,28,,6321,38,,,0,70,,6311,38,,,0,33,,6322,38,,,0,70,,6312,38,,,0,30,,6323,38,,,0,70,,6325,38,,,0,30,,6326,38,,,0
200,'Saturday',640,,6364,38,,,0,100,,6365,38,,,0,100,,6366,38,,,0,102,,6367,38,,,0,70,,6380,38,,,0,20,,6368,38,,,0,20,,6394,38,,,0,60,,6381,38,,,0,20,,6369,38,,,0,20,,6395,38,,,0,60,,6382,38,,,0,20,,6370,38,,,0,20,,6396,38,,,0,65,,6383,38,,,0,20,,6371,38,,,0,20,,6397,38,,,0,60,,6384,38,,,0,20,,6372,38,,,0,20,,6398,38,,,0,60,,6385,38,,,0,25,,6373,38,,,0,60,,6399,38,,,0,20,,6386,38,,,0,20,,6374,38,,,0,60,,6400,38,,,0,20,,6387,38,,,0,20,,6375,38,,,0,70,,6388,38,,,0,30,,6376,38,,,0,70,,6389,38,,,0,28,,6377,38,,,0,70,,6390,38,,,0,30,,6378,38,,,0,70,,6391,38,,,0,30,,6379,38,,,0,70,,6392,38,,,0
200,'Sunday',810,,6401,38,,,0,100,,6402,38,,,0,102,,6403,38,,,0,20,,6414,38,,,0,20,,6427,38,,,0,60,,6404,38,,,0,20,,6415,38,,,0,20,,6428,38,,,0,60,,6405,38,,,0,20,,6416,38,,,0,20,,6429,38,,,0,65,,6406,38,,,0,20,,6417,38,,,0,20,,6430,38,,,0,60,,6407,38,,,0,20,,6418,38,,,0,20,,6431,38,,,0,60,,6408,38,,,0,25,,6419,38,,,0,60,,6432,38,,,0,20,,6409,38,,,0,20,,6420,38,,,0,60,,6433,38,,,0,20,,6410,38,,,0,20,,6421,38,,,0,70,,6411,38,,,0,30,,6422,38,,,0,70,,6412,38,,,0,28,,6423,38,,,0,70,,6413,38,,,0,30,,6424,38,,,0,70,,6425,38,,,0,30,,6426,38,,,0
200,'Weekday',505,,9233,38,,,0,26,,9235,38,,,0,70,,9237,38,,,0,33,,9266,38,,,0,15,,9239,38,,,0,55,,9240,38,,,0,15,,9267,38,,,0,15,,9241,38,,,0,15,,9242,38,,,0,55,,9243,38,,,0,15,,9244,38,,,0,15,,9245,38,,,0,15,,9268,38,,,0,55,,9246,38,,,0,17,,9269,38,,,0,15,,9247,38,,,0,15,,9248,38,,,0,55,,9270,38,,,0,17,,9271,38,,,0,15,,9272,38,,,0,15,,9249,38,,,0,55,,9273,38,,,0,15,,9274,38,,,0,17,,9250,38,,,0,15,,9275,38,,,0,55,,9251,38,,,0,15,,9252,38,,,0,15,,9276,38,,,0,15,,9277,38,,,0,55,,9253,38,,,0,15,,9254,38,,,0,15,,9278,38,,,0,15,,9279,38,,,0,55,,9255,38,,,0,15,,9280,38,,,0,15,,9281,38,,,0,15,,9256,38,,,0,55,,9282,38,,,0,15,,9283,38,,,0,15,,9284,38,,,0,15,,9257,38,,,0,55,,9258,38,,,0,15,,9259,38,,,0,15,,9285,38,,,0,15,,9286,38,,,0,55,,9287,38,,,0,16,,9288,38,,,0,15,,9260,38,,,0,15,,9289,38,,,0,53,,9261,38,,,0,15,,9290,38,,,0,13,,9262,38,,,0,15,,9291,38,,,0,59,,9292,38,,,0,30,,9293,38,,,0,70,,9265,38,,,0,30,,9263,38,,,0,70,,9234,38,,,0,30,,9264,38,,,0,70,,9236,38,,,0,30,,9238,38,,,0
300,'Holiday21111111',824,,6696,36,,,0,100,,6697,36,,,0,30,,6709,36,,,0,72,,6698,36,,,0,30,,6710,36,,,0,70,,6699,36,,,0,30,,6711,36,,,0,70,,6700,36,,,0,30,,6712,36,,,0,70,,6701,36,,,0,30,,6713,36,,,0,70,,6702,36,,,0,30,,6714,36,,,0,70,,6703,36,,,0,30,,6715,36,,,0,70,,6704,36,,,0,30,,6716,36,,,0,70,,6705,36,,,0,30,,6717,36,,,0,68,,6706,36,,,0,32,,6718,36,,,0,71,,6707,36,,,0,29,,6719,36,,,0,73,,6708,36,,,0,30,,6720,36,,,0,69,,6721,36,,,0
300,'Saturday',724,,6757,36,,,0,100,,6758,36,,,0,100,,6759,36,,,0,30,,6773,36,,,0,72,,6760,36,,,0,30,,6774,36,,,0,60,,6761,36,,,0,20,,6786,36,,,0,20,,6775,36,,,0,60,,6762,36,,,0,20,,6787,36,,,0,65,,6776,36,,,0,20,,6763,36,,,0,20,,6788,36,,,0,60,,6777,36,,,0,20,,6764,36,,,0,20,,6789,36,,,0,60,,6778,36,,,0,20,,6765,36,,,0,25,,6790,36,,,0,60,,6779,36,,,0,20,,6766,36,,,0,20,,6791,36,,,0,60,,6780,36,,,0,20,,6767,36,,,0,30,,6781,36,,,0,68,,6768,36,,,0,30,,6782,36,,,0,70,,6769,36,,,0,30,,6783,36,,,0,70,,6770,36,,,0,30,,6784,36,,,0,69,,6771,36,,,0,30,,6785,36,,,0,70,,6772,36,,,0
300,'Sunday',824,,6792,36,,,0,100,,6793,36,,,0,30,,6805,36,,,0,72,,6794,36,,,0,30,,6806,36,,,0,60,,6795,36,,,0,20,,6818,36,,,0,20,,6807,36,,,0,60,,6796,36,,,0,20,,6819,36,,,0,65,,6808,36,,,0,20,,6797,36,,,0,20,,6820,36,,,0,60,,6809,36,,,0,20,,6798,36,,,0,20,,6823,36,,,0,60,,6810,36,,,0,20,,6799,36,,,0,25,,6821,36,,,0,60,,6811,36,,,0,20,,6800,36,,,0,20,,6822,36,,,0,60,,6812,36,,,0,20,,6801,36,,,0,30,,6813,36,,,0,68,,6802,36,,,0,30,,6814,36,,,0,70,,6803,36,,,0,30,,6815,36,,,0,70,,6804,36,,,0,30,,6816,36,,,0,69,,6817,36,,,0
300,'Weekday',548,,9356,36,,,0,68,,9398,36,,,0,15,,9399,36,,,0,15,,9358,36,,,0,55,,9359,36,,,0,15,,9360,36,,,0,17,,9400,36,,,0,15,,9401,36,,,0,55,,9361,36,,,0,15,,9362,36,,,0,17,,9363,36,,,0,15,,9364,36,,,0,55,,9365,36,,,0,15,,9402,36,,,0,15,,9366,36,,,0,15,,9403,36,,,0,55,,9367,36,,,0,20,,9368,36,,,0,19,,9369,36,,,0,56,,9370,36,,,0,15,,9404,36,,,0,15,,9371,36,,,0,15,,9372,36,,,0,55,,9373,36,,,0,15,,9405,36,,,0,15,,9374,36,,,0,15,,9406,36,,,0,55,,9375,36,,,0,15,,9376,36,,,0,15,,9407,36,,,0,15,,9408,36,,,0,55,,9409,36,,,0,15,,9410,36,,,0,15,,9411,36,,,0,15,,9377,36,,,0,56,,9378,36,,,0,15,,9379,36,,,0,15,,9380,36,,,0,15,,9381,36,,,0,55,,9412,36,,,0,15,,9382,36,,,0,15,,9413,36,,,0,15,,9414,36,,,0,55,,9383,36,,,0,15,,9384,36,,,0,15,,9385,36,,,0,15,,9415,36,,,0,11,,9416,36,,,0,55,,9393,36,,,0,15,,9392,36,,,0,15,,9386,36,,,0,15,,9396,36,,,0,55,,9391,36,,,0,17,,9387,36,,,0,30,,9388,36,,,0,70,,9397,36,,,0,30,,9390,36,,,0,70,,9395,36,,,0,30,,9394,36,,,0,68,,9389,36,,,0,30,,9357,36,,,0
5200,'Saturday',2313,,8887,26,,,0,99,,8888,26,,,0,100,,8886,26,,,0
5200,'Weekday',2323,,10017,26,,,0,89,,10016,26,,,0,100,,10015,26,,,0
