101,'Holiday21111111',636,,5958,2,,,0,15,,5959,2,,,0,55,,5960,2,,,0,15,,5961,2,,,0,15,,5962,2,,,0,15,,5963,2,,,0,55,,5964,2,,,0,15,,5965,2,,,0,10,,5966,2,,,0,15,,5967,2,,,0,55,,5968,2,,,0,15,,5969,2,,,0,15,,5970,2,,,0,15,,5971,2,,,0,55,,5972,2,,,0,15,,5973,2,,,0,15,,5974,2,,,0,15,,5975,2,,,0,55,,5976,2,,,0,15,,5977,2,,,0,15,,5978,2,,,0,15,,5979,2,,,0,55,,5980,2,,,0,15,,5981,2,,,0,15,,5982,2,,,0,15,,5983,2,,,0,55,,5984,2,,,0,15,,5985,2,,,0,15,,5986,2,,,0,15,,5987,2,,,0,55,,5988,2,,,0,15,,5989,2,,,0,15,,5990,2,,,0,15,,5991,2,,,0,55,,5992,2,,,0,15,,5993,2,,,0,15,,5994,2,,,0,15,,5995,2,,,0,55,,5996,2,,,0,15,,5997,2,,,0,15,,5998,2,,,0,15,,5999,2,,,0,55,,6000,2,,,0,15,,6001,2,,,0,15,,6002,2,,,0,15,,6003,2,,,0,55,,6004,2,,,0,18,,6005,2,,,0,15,,6006,2,,,0,15,,6007,2,,,0,55,,6008,2,,,0,15,,5953,2,,,0,30,,5955,2,,,0,70,,5957,2,,,0,30,,5954,2,,,0,70,,5956,2,,,0,30,,6010,2,,,0,70,,6009,2,,,0
101,'Saturday',636,,6086,2,,,0,15,,6087,2,,,0,55,,6088,2,,,0,10,,6089,2,,,0,15,,6090,2,,,0,15,,6091,2,,,0,55,,6092,2,,,0,15,,6093,2,,,0,15,,6094,2,,,0,15,,6095,2,,,0,55,,6096,2,,,0,15,,6097,2,,,0,15,,6098,2,,,0,15,,6099,2,,,0,55,,6100,2,,,0,13,,6101,2,,,0,11,,6138,2,,,0,14,,6102,2,,,0,14,,6103,2,,,0,54,,6104,2,,,0,14,,6105,2,,,0,14,,6106,2,,,0,14,,6107,2,,,0,54,,6137,2,,,0,14,,6108,2,,,0,14,,6109,2,,,0,14,,6110,2,,,0,14,,6111,2,,,0,53,,6112,2,,,0,14,,6113,2,,,0,14,,6135,2,,,0,14,,6114,2,,,0,54,,6115,2,,,0,14,,6116,2,,,0,14,,6117,2,,,0,14,,6118,2,,,0,54,,6119,2,,,0,14,,6136,2,,,0,14,,6120,2,,,0,14,,6121,2,,,0,54,,6122,2,,,0,14,,6123,2,,,0,14,,6124,2,,,0,14,,6125,2,,,0,14,,6126,2,,,0,55,,6127,2,,,0,15,,6128,2,,,0,15,,6129,2,,,0,15,,6130,2,,,0,57,,6131,2,,,0,18,,6132,2,,,0,15,,6133,2,,,0,55,,6134,2,,,0,15,,6078,2,,,0,30,,6081,2,,,0,70,,6075,2,,,0,30,,6079,2,,,0,70,,6082,2,,,0,30,,6076,2,,,0,70,,6080,2,,,0,30,,6083,2,,,0,70,,6077,2,,,0,30,,6084,2,,,0,70,,6085,2,,,0
101,'Sunday',636,,6146,2,,,0,15,,6147,2,,,0,55,,6148,2,,,0,10,,6149,2,,,0,15,,6150,2,,,0,15,,6151,2,,,0,55,,6152,2,,,0,15,,6153,2,,,0,15,,6154,2,,,0,15,,6155,2,,,0,55,,6156,2,,,0,15,,6157,2,,,0,15,,6158,2,,,0,15,,6159,2,,,0,55,,6160,2,,,0,13,,6161,2,,,0,11,,6198,2,,,0,14,,6162,2,,,0,14,,6163,2,,,0,54,,6164,2,,,0,14,,6165,2,,,0,14,,6166,2,,,0,14,,6167,2,,,0,54,,6197,2,,,0,14,,6168,2,,,0,14,,6169,2,,,0,14,,6170,2,,,0,14,,6171,2,,,0,53,,6172,2,,,0,14,,6173,2,,,0,14,,6195,2,,,0,14,,6174,2,,,0,54,,6175,2,,,0,14,,6176,2,,,0,14,,6177,2,,,0,14,,6178,2,,,0,54,,6179,2,,,0,14,,6196,2,,,0,14,,6180,2,,,0,14,,6181,2,,,0,54,,6182,2,,,0,14,,6183,2,,,0,14,,6184,2,,,0,14,,6185,2,,,0,14,,6186,2,,,0,55,,6187,2,,,0,15,,6188,2,,,0,15,,6189,2,,,0,15,,6190,2,,,0,57,,6191,2,,,0,18,,6192,2,,,0,15,,6193,2,,,0,55,,6194,2,,,0,18,,6141,2,,,0,30,,6144,2,,,0,70,,6139,2,,,0,30,,6142,2,,,0,70,,6145,2,,,0,30,,6140,2,,,0,70,,6143,2,,,0
101,'Weekday',453,,9221,2,,,0,55,,9222,2,,,0,12,,9223,2,,,0,12,,9224,2,,,0,12,,9225,2,,,0,12,,9226,2,,,0,52,,9230,2,,,0,12,,9229,2,,,0,12,,9227,2,,,0,15,,9214,2,,,0,54,,9217,2,,,0,12,,9218,2,,,0,12,,9215,2,,,0,12,,9219,2,,,0,12,,9220,2,,,0,52,,9174,2,,,0,12,,9161,2,,,0,12,,9162,2,,,0,12,,9163,2,,,0,12,,9164,2,,,0,52,,9165,2,,,0,12,,9166,2,,,0,12,,9167,2,,,0,12,,9168,2,,,0,12,,9169,2,,,0,52,,9170,2,,,0,12,,9171,2,,,0,12,,9172,2,,,0,12,,9173,2,,,0,12,,9149,2,,,0,52,,9154,2,,,0,12,,9155,2,,,0,12,,9153,2,,,0,12,,9160,2,,,0,12,,9151,2,,,0,52,,9147,2,,,0,12,,9148,2,,,0,12,,9150,2,,,0,12,,9159,2,,,0,12,,9156,2,,,0,10,,9231,2,,,0,50,,9158,2,,,0,11,,9157,2,,,0,11,,9209,2,,,0,10,,9152,2,,,0,10,,9210,2,,,0,49,,9232,2,,,0,9,,9211,2,,,0,9,,9212,2,,,0,9,,9213,2,,,0,9,,9183,2,,,0,9,,9185,2,,,0,10,,9178,2,,,0,50,,9181,2,,,0,10,,9194,2,,,0,11,,9187,2,,,0,11,,9201,2,,,0,10,,9216,2,,,0,10,,9192,2,,,0,50,,9197,2,,,0,10,,9200,2,,,0,10,,9195,2,,,0,10,,9189,2,,,0,10,,9193,2,,,0,10,,9190,2,,,0,50,,9182,2,,,0,11,,9199,2,,,0,11,,9202,2,,,0,10,,9196,2,,,0,10,,9180,2,,,0,52,,9198,2,,,0,12,,9186,2,,,0,12,,9191,2,,,0,12,,9179,2,,,0,12,,9188,2,,,0,10,,9177,2,,,0,50,,9184,2,,,0,10,,9175,2,,,0,10,,9176,2,,,0,10,,9203,2,,,0,10,,9204,2,,,0,51,,9205,2,,,0,12,,9206,2,,,0,12,,9207,2,,,0,12,,9208,2,,,0,10,,9132,2,,,0,55,,9133,2,,,0,15,,9135,2,,,0,15,,9134,2,,,0,15,,9137,2,,,0,60,,9136,2,,,0,20,,9142,2,,,0,15,,9138,2,,,0,15,,9143,2,,,0,55,,9139,2,,,0,15,,9144,2,,,0,15,,9140,2,,,0,15,,9145,2,,,0,55,,9141,2,,,0,15,,9146,2,,,0,15,,9228,2,,,0
401,'Holiday21111111',1037,,7158,2,,,0,100,,7154,2,,,0,100,,7151,2,,,0,100,,7155,2,,,0,100,,7152,2,,,0,100,,7156,2,,,0,100,,7153,2,,,0,100,,7157,2,,,0
401,'Saturday',937,,7170,2,,,0,100,,7175,2,,,0,100,,7171,2,,,0,100,,7176,2,,,0,100,,7172,2,,,0,100,,7177,2,,,0,100,,7173,2,,,0,100,,7178,2,,,0,100,,7174,2,,,0,100,,7179,2,,,0,100,,7180,2,,,0
401,'Sunday',1037,,7188,2,,,0,100,,7184,2,,,0,100,,7181,2,,,0,100,,7185,2,,,0,100,,7182,2,,,0,100,,7186,2,,,0,100,,7183,2,,,0,100,,7187,2,,,0
401,'Weekday',537,,9507,2,,,0,100,,9508,2,,,0,73,,9509,2,,,0,27,,9510,2,,,0,70,,9511,2,,,0,30,,9512,2,,,0,70,,9513,2,,,0,30,,9514,2,,,0,70,,9515,2,,,0,30,,9516,2,,,0,70,,9517,2,,,0,30,,9518,2,,,0,70,,9519,2,,,0,30,,9520,2,,,0,70,,9521,2,,,0,30,,9522,2,,,0,70,,9523,2,,,0,30,,9524,2,,,0,70,,9525,2,,,0,34,,9526,2,,,0,70,,9527,2,,,0,26,,9528,2,,,0,70,,9529,2,,,0,30,,9530,2,,,0,102,,9531,2,,,0,100,,9532,2,,,0
1001,'Holiday21111111',749,,7659,2,,,0,70,,7676,2,,,0,30,,7677,2,,,0,70,,7675,2,,,0,30,,7657,2,,,0,70,,7662,2,,,0,15,,7661,2,,,0,15,,7663,2,,,0,55,,7664,2,,,0,15,,7665,2,,,0,15,,7666,2,,,0,15,,7667,2,,,0,55,,7668,2,,,0,15,,7669,2,,,0,15,,7670,2,,,0,15,,7671,2,,,0,55,,7672,2,,,0,15,,7673,2,,,0,15,,7674,2,,,0,15,,7660,2,,,0,55,,7658,2,,,0,15,,7652,2,,,0,15,,7635,2,,,0,15,,7645,2,,,0,55,,7647,2,,,0,15,,7650,2,,,0,15,,7640,2,,,0,15,,7654,2,,,0,55,,7644,2,,,0,15,,7648,2,,,0,15,,7636,2,,,0,15,,7641,2,,,0,55,,7655,2,,,0,15,,7643,2,,,0,10,,7649,2,,,0,19,,7642,2,,,0,71,,7638,2,,,0,30,,7653,2,,,0,70,,7637,2,,,0,30,,7646,2,,,0,70,,7656,2,,,0,30,,7639,2,,,0,70,,7651,2,,,0
1001,'Saturday',719,,7770,2,,,0,30,,7771,2,,,0,70,,7772,2,,,0,30,,7773,2,,,0,70,,7774,2,,,0,15,,7776,2,,,0,15,,7775,2,,,0,55,,7777,2,,,0,15,,7761,2,,,0,15,,7769,2,,,0,15,,7746,2,,,0,55,,7753,2,,,0,15,,7734,2,,,0,15,,7762,2,,,0,15,,7743,2,,,0,55,,7747,2,,,0,15,,7754,2,,,0,15,,7735,2,,,0,15,,7763,2,,,0,55,,7758,2,,,0,15,,7748,2,,,0,15,,7755,2,,,0,15,,7736,2,,,0,55,,7764,2,,,0,15,,7757,2,,,0,15,,7749,2,,,0,15,,7742,2,,,0,55,,7737,2,,,0,15,,7765,2,,,0,15,,7744,2,,,0,15,,7750,2,,,0,55,,7741,2,,,0,15,,7738,2,,,0,15,,7766,2,,,0,15,,7759,2,,,0,55,,7751,2,,,0,15,,7756,2,,,0,15,,7739,2,,,0,15,,7767,2,,,0,55,,7760,2,,,0,15,,7752,2,,,0,15,,7745,2,,,0,15,,7740,2,,,0,70,,7768,2,,,0,30,,7728,2,,,0,70,,7732,2,,,0,30,,7730,2,,,0,70,,7729,2,,,0,30,,7733,2,,,0,70,,7731,2,,,0
1001,'Sunday',749,,7802,2,,,0,70,,7819,2,,,0,30,,7820,2,,,0,70,,7818,2,,,0,30,,7800,2,,,0,70,,7805,2,,,0,15,,7804,2,,,0,15,,7806,2,,,0,55,,7807,2,,,0,15,,7808,2,,,0,15,,7809,2,,,0,15,,7810,2,,,0,55,,7811,2,,,0,15,,7812,2,,,0,15,,7813,2,,,0,15,,7814,2,,,0,55,,7815,2,,,0,15,,7816,2,,,0,15,,7817,2,,,0,15,,7803,2,,,0,55,,7801,2,,,0,15,,7795,2,,,0,15,,7778,2,,,0,15,,7788,2,,,0,55,,7790,2,,,0,15,,7793,2,,,0,15,,7783,2,,,0,15,,7797,2,,,0,55,,7787,2,,,0,15,,7791,2,,,0,15,,7779,2,,,0,15,,7784,2,,,0,55,,7798,2,,,0,15,,7786,2,,,0,10,,7792,2,,,0,19,,7785,2,,,0,71,,7781,2,,,0,30,,7796,2,,,0,70,,7780,2,,,0,30,,7789,2,,,0,70,,7799,2,,,0,30,,7782,2,,,0,70,,7794,2,,,0
1001,'Weekday',516,,9657,2,,,0,28,,9658,2,,,0,70,,9659,2,,,0,15,,9692,2,,,0,15,,9660,2,,,0,15,,9693,2,,,0,55,,9661,2,,,0,15,,9694,2,,,0,15,,9662,2,,,0,60,,9695,2,,,0,15,,9663,2,,,0,15,,9696,2,,,0,15,,9664,2,,,0,55,,9697,2,,,0,15,,9665,2,,,0,15,,9698,2,,,0,15,,9666,2,,,0,55,,9699,2,,,0,15,,9667,2,,,0,15,,9700,2,,,0,15,,9668,2,,,0,55,,9701,2,,,0,15,,9669,2,,,0,15,,9702,2,,,0,15,,9670,2,,,0,55,,9703,2,,,0,15,,9671,2,,,0,15,,9704,2,,,0,15,,9672,2,,,0,55,,9705,2,,,0,15,,9673,2,,,0,15,,9706,2,,,0,15,,9674,2,,,0,55,,9707,2,,,0,15,,9675,2,,,0,15,,9708,2,,,0,15,,9676,2,,,0,55,,9709,2,,,0,12,,9677,2,,,0,15,,9710,2,,,0,15,,9678,2,,,0,55,,9711,2,,,0,15,,9679,2,,,0,15,,9712,2,,,0,12,,9680,2,,,0,15,,9713,2,,,0,55,,9681,2,,,0,18,,9714,2,,,0,15,,9682,2,,,0,55,,9715,2,,,0,18,,9683,2,,,0,15,,9716,2,,,0,15,,9684,2,,,0,70,,9685,2,,,0,30,,9686,2,,,0,70,,9687,2,,,0,30,,9688,2,,,0,70,,9689,2,,,0,30,,9690,2,,,0,70,,9691,2,,,0
1100,'Holiday21111111',748,,7907,2,,,0,70,,7908,2,,,0,30,,7891,2,,,0,70,,7892,2,,,0,30,,7890,2,,,0,70,,7893,2,,,0,30,,7889,2,,,0,70,,7894,2,,,0,30,,7888,2,,,0,70,,7895,2,,,0,30,,7887,2,,,0,70,,7896,2,,,0,30,,7886,2,,,0,70,,7897,2,,,0,30,,7885,2,,,0,70,,7898,2,,,0,30,,7884,2,,,0,70,,7899,2,,,0,30,,7883,2,,,0,70,,7900,2,,,0,30,,7882,2,,,0,70,,7901,2,,,0,30,,7881,2,,,0,70,,7902,2,,,0,30,,7903,2,,,0,70,,7904,2,,,0,30,,7905,2,,,0,70,,7906,2,,,0
1100,'Saturday',748,,7938,2,,,0,70,,7953,2,,,0,30,,7939,2,,,0,70,,7954,2,,,0,30,,7940,2,,,0,70,,7955,2,,,0,30,,7941,2,,,0,70,,7956,2,,,0,30,,7942,2,,,0,70,,7957,2,,,0,30,,7943,2,,,0,70,,7958,2,,,0,30,,7944,2,,,0,70,,7959,2,,,0,30,,7945,2,,,0,70,,7960,2,,,0,30,,7946,2,,,0,70,,7961,2,,,0,30,,7947,2,,,0,70,,7962,2,,,0,30,,7948,2,,,0,70,,7963,2,,,0,30,,7949,2,,,0,70,,7964,2,,,0,30,,7950,2,,,0,70,,7965,2,,,0,30,,7951,2,,,0,70,,7966,2,,,0,30,,7952,2,,,0
1100,'Sunday',748,,7993,2,,,0,70,,7994,2,,,0,30,,7977,2,,,0,70,,7978,2,,,0,30,,7976,2,,,0,70,,7979,2,,,0,30,,7975,2,,,0,70,,7980,2,,,0,30,,7974,2,,,0,70,,7981,2,,,0,30,,7973,2,,,0,70,,7982,2,,,0,30,,7972,2,,,0,70,,7983,2,,,0,30,,7971,2,,,0,70,,7984,2,,,0,30,,7970,2,,,0,70,,7985,2,,,0,30,,7969,2,,,0,70,,7986,2,,,0,30,,7968,2,,,0,70,,7987,2,,,0,30,,7967,2,,,0,70,,7988,2,,,0,30,,7989,2,,,0,70,,7990,2,,,0,30,,7991,2,,,0,70,,7992,2,,,0
1100,'Weekday',520,,9717,2,,,0,21,,9718,2,,,0,63,,9719,2,,,0,10,,9772,2,,,0,15,,9720,2,,,0,15,,9773,2,,,0,15,,9721,2,,,0,55,,9722,2,,,0,15,,9723,2,,,0,15,,9724,2,,,0,60,,9725,2,,,0,15,,9726,2,,,0,15,,9727,2,,,0,15,,9728,2,,,0,55,,9761,2,,,0,15,,9729,2,,,0,15,,9762,2,,,0,15,,9730,2,,,0,55,,9763,2,,,0,15,,9731,2,,,0,15,,9764,2,,,0,15,,9732,2,,,0,55,,9765,2,,,0,15,,9733,2,,,0,15,,9766,2,,,0,15,,9734,2,,,0,55,,9767,2,,,0,15,,9735,2,,,0,15,,9768,2,,,0,15,,9736,2,,,0,55,,9769,2,,,0,15,,9737,2,,,0,15,,9770,2,,,0,15,,9738,2,,,0,55,,9771,2,,,0,15,,9739,2,,,0,15,,9740,2,,,0,15,,9741,2,,,0,60,,9742,2,,,0,20,,9743,2,,,0,20,,9744,2,,,0,60,,9745,2,,,0,20,,9746,2,,,0,15,,9747,2,,,0,60,,9748,2,,,0,20,,9749,2,,,0,25,,9750,2,,,0,55,,9751,2,,,0,20,,9752,2,,,0,30,,9753,2,,,0,67,,9754,2,,,0,30,,9755,2,,,0,70,,9756,2,,,0,30,,9757,2,,,0,70,,9758,2,,,0,30,,9759,2,,,0,70,,9760,2,,,0
2500,'Holiday21111111',745,,8522,2,,,0,70,,8534,2,,,0,30,,8523,2,,,0,70,,8535,2,,,0,35,,8524,2,,,0,70,,8536,2,,,0,30,,8525,2,,,0,70,,8537,2,,,0,30,,8526,2,,,0,70,,8538,2,,,0,30,,8527,2,,,0,70,,8539,2,,,0,30,,8528,2,,,0,70,,8540,2,,,0,30,,8529,2,,,0,70,,8541,2,,,0,30,,8530,2,,,0,70,,8542,2,,,0,30,,8531,2,,,0,70,,8543,2,,,0,30,,8532,2,,,0,70,,8544,2,,,0,30,,8533,2,,,0,70,,8545,2,,,0,30,,8546,2,,,0,70,,8547,2,,,0,30,,8548,2,,,0,70,,8549,2,,,0
2500,'Saturday',715,,8593,2,,,0,30,,8592,2,,,0,70,,8594,2,,,0,30,,8591,2,,,0,70,,8595,2,,,0,30,,8590,2,,,0,70,,8596,2,,,0,30,,8589,2,,,0,70,,8597,2,,,0,30,,8588,2,,,0,70,,8598,2,,,0,30,,8587,2,,,0,70,,8599,2,,,0,30,,8586,2,,,0,70,,8600,2,,,0,30,,8585,2,,,0,70,,8601,2,,,0,30,,8584,2,,,0,70,,8602,2,,,0,30,,8583,2,,,0,70,,8603,2,,,0,30,,8582,2,,,0,72,,8604,2,,,0,30,,8581,2,,,0,70,,8605,2,,,0,30,,8580,2,,,0,70,,8606,2,,,0,30,,8608,2,,,0,70,,8607,2,,,0,30,,8609,2,,,0
2500,'Sunday',745,,8610,2,,,0,70,,8622,2,,,0,30,,8611,2,,,0,70,,8623,2,,,0,30,,8612,2,,,0,70,,8624,2,,,0,30,,8613,2,,,0,70,,8625,2,,,0,30,,8614,2,,,0,70,,8626,2,,,0,30,,8615,2,,,0,70,,8627,2,,,0,30,,8616,2,,,0,70,,8628,2,,,0,30,,8617,2,,,0,70,,8629,2,,,0,30,,8618,2,,,0,70,,8630,2,,,0,30,,8619,2,,,0,70,,8631,2,,,0,30,,8620,2,,,0,72,,8632,2,,,0,30,,8621,2,,,0,70,,8633,2,,,0,30,,8634,2,,,0,70,,8635,2,,,0,30,,8636,2,,,0,70,,8637,2,,,0
2500,'Weekday',509,,9904,2,,,0,28,,9905,2,,,0,66,,9906,2,,,0,28,,9907,2,,,0,28,,9908,2,,,0,55,,9909,2,,,0,15,,9910,2,,,0,15,,9911,2,,,0,15,,9912,2,,,0,60,,9913,2,,,0,15,,9914,2,,,0,17,,9915,2,,,0,70,,9916,2,,,0,30,,9917,2,,,0,70,,9918,2,,,0,30,,9919,2,,,0,70,,9920,2,,,0,30,,9921,2,,,0,70,,9922,2,,,0,30,,9923,2,,,0,70,,9924,2,,,0,30,,9925,2,,,0,70,,9926,2,,,0,15,,9927,2,,,0,15,,9928,2,,,0,55,,9929,2,,,0,15,,9930,2,,,0,15,,9931,2,,,0,15,,9932,2,,,0,55,,9933,2,,,0,15,,9934,2,,,0,15,,9935,2,,,0,15,,9936,2,,,0,55,,9937,2,,,0,15,,9938,2,,,0,15,,9939,2,,,0,15,,9940,2,,,0,70,,9941,2,,,0,30,,9942,2,,,0,70,,9943,2,,,0,30,,9944,2,,,0,70,,9945,2,,,0,30,,9946,2,,,0,70,,9947,2,,,0,30,,9948,2,,,0,70,,9949,2,,,0,30,,9950,2,,,0,70,,9951,2,,,0
8001,'Weekday',541,,10060,2,,,0,70,,10055,2,,,0,30,,10061,2,,,0,72,,10056,2,,,0,30,,10062,2,,,0,77,,10057,2,,,0,30,,10063,2,,,0,70,,10058,2,,,0,30,,10064,2,,,0,70,,10059,2,,,0,30,,10065,2,,,0,70,,10070,2,,,0,30,,10066,2,,,0,66,,10071,2,,,0,30,,10067,2,,,0,70,,10072,2,,,0,30,,10068,2,,,0,70,,10073,2,,,0,30,,10069,2,,,0,70,,10075,2,,,0,29,,10049,2,,,0,71,,10053,2,,,0,23,,10050,2,,,0,72,,10051,2,,,0,30,,10074,2,,,0,70,,10048,2,,,0,30,,10052,2,,,0
8101,'Weekday',541,,10108,2,,,0,70,,10113,2,,,0,30,,10109,2,,,0,72,,10114,2,,,0,30,,10110,2,,,0,77,,10115,2,,,0,30,,10111,2,,,0,70,,10116,2,,,0,30,,10112,2,,,0,70,,10119,2,,,0,30,,10120,2,,,0,70,,10121,2,,,0,30,,10122,2,,,0,66,,10123,2,,,0,30,,10124,2,,,0,70,,10125,2,,,0,30,,10126,2,,,0,70,,10127,2,,,0,30,,10128,2,,,0,70,,10117,2,,,0,15,,10131,2,,,0,15,,10129,2,,,0,70,,10118,2,,,0,30,,10106,2,,,0,70,,10104,2,,,0,30,,10105,2,,,0,70,,10130,2,,,0,30,,10107,2,,,0
