600,'Holiday21111111',909,,7215,36,,,0,106,,7216,36,,,0,100,,7217,36,,,0,100,,7218,36,,,0,100,,7219,36,,,0,100,,7220,36,,,0,102,,7221,36,,,0,100,,7222,36,,,0,100,,7223,36,,,0,100,,7224,36,,,0,101,,7225,36,,,0,103,,7226,36,,,0
600,'Saturday',809,,7256,36,,,0,100,,7255,36,,,0,106,,7254,36,,,0,100,,7253,36,,,0,100,,7252,36,,,0,100,,7251,36,,,0,100,,7250,36,,,0,100,,7249,36,,,0,100,,7248,36,,,0,100,,7247,36,,,0,100,,7246,36,,,0,100,,7245,36,,,0,100,,7244,36,,,0,100,,7243,36,,,0,100,,7242,36,,,0
600,'Sunday',909,,7257,36,,,0,106,,7258,36,,,0,100,,7259,36,,,0,100,,7260,36,,,0,100,,7261,36,,,0,100,,7262,36,,,0,102,,7263,36,,,0,100,,7264,36,,,0,100,,7265,36,,,0,100,,7266,36,,,0,100,,7267,36,,,0,100,,7268,36,,,0
600,'Weekday',615,,9533,36,,,0,32,,9534,36,,,0,70,,9535,36,,,0,32,,9536,36,,,0,70,,9537,36,,,0,31,,9538,36,,,0,70,,9539,36,,,0,28,,9540,36,,,0,70,,9541,36,,,0,30,,9542,36,,,0,70,,9543,36,,,0,30,,9544,36,,,0,70,,9545,36,,,0,30,,9546,36,,,0,70,,9547,36,,,0,30,,9548,36,,,0,70,,9549,36,,,0,28,,9550,36,,,0,73,,9551,36,,,0,34,,9552,36,,,0,79,,9562,36,,,0,73,,9560,36,,,0,26,,9559,36,,,0,26,,9557,36,,,0,67,,9563,36,,,0,29,,9561,36,,,0,69,,9558,36,,,0,30,,9553,36,,,0,69,,9554,36,,,0,100,,9555,36,,,0,100,,9556,36,,,0
1101,'Holiday21111111',812,,8064,4,,,0,30,,8063,4,,,0,70,,8062,4,,,0,30,,8065,4,,,0,74,,8061,4,,,0,30,,8066,4,,,0,70,,8060,4,,,0,30,,8067,4,,,0,70,,8068,4,,,0,30,,8059,4,,,0,70,,8069,4,,,0,30,,8058,4,,,0,70,,8057,4,,,0,30,,8070,4,,,0,70,,8056,4,,,0,30,,8071,4,,,0,70,,8072,4,,,0,30,,8055,4,,,0,70,,8073,4,,,0,30,,8054,4,,,0,70,,8074,4,,,0,30,,8053,4,,,0,70,,8052,4,,,0,30,,8075,4,,,0,70,,8076,4,,,0,30,,8077,4,,,0,70,,8078,4,,,0
1101,'Saturday',712,,8123,4,,,0,30,,8124,4,,,0,70,,8109,4,,,0,30,,8125,4,,,0,70,,8110,4,,,0,30,,8126,4,,,0,70,,8111,4,,,0,30,,8127,4,,,0,70,,8112,4,,,0,30,,8128,4,,,0,70,,8113,4,,,0,30,,8129,4,,,0,70,,8114,4,,,0,30,,8130,4,,,0,70,,8115,4,,,0,30,,8131,4,,,0,70,,8116,4,,,0,30,,8132,4,,,0,70,,8117,4,,,0,30,,8133,4,,,0,70,,8118,4,,,0,30,,8134,4,,,0,70,,8119,4,,,0,30,,8135,4,,,0,70,,8120,4,,,0,32,,8136,4,,,0,70,,8121,4,,,0,30,,8137,4,,,0,70,,8122,4,,,0,30,,8138,4,,,0
1101,'Sunday',812,,8151,4,,,0,30,,8150,4,,,0,70,,8149,4,,,0,30,,8152,4,,,0,70,,8148,4,,,0,30,,8153,4,,,0,70,,8147,4,,,0,30,,8154,4,,,0,70,,8155,4,,,0,30,,8146,4,,,0,70,,8156,4,,,0,30,,8145,4,,,0,70,,8144,4,,,0,30,,8157,4,,,0,70,,8143,4,,,0,30,,8158,4,,,0,70,,8159,4,,,0,30,,8142,4,,,0,70,,8160,4,,,0,30,,8141,4,,,0,70,,8161,4,,,0,30,,8140,4,,,0,70,,8139,4,,,0,32,,8162,4,,,0,70,,8163,4,,,0,30,,8164,4,,,0,70,,8165,4,,,0
1101,'Weekday',508,,9774,4,,,0,28,,9775,4,,,0,66,,9776,4,,,0,14,,9828,4,,,0,15,,9777,4,,,0,15,,9829,4,,,0,55,,9778,4,,,0,14,,9779,4,,,0,15,,9780,4,,,0,15,,9781,4,,,0,55,,9782,4,,,0,15,,9783,4,,,0,15,,9784,4,,,0,20,,9785,4,,,0,52,,9819,4,,,0,18,,9786,4,,,0,15,,9820,4,,,0,15,,9787,4,,,0,55,,9821,4,,,0,15,,9788,4,,,0,15,,9822,4,,,0,15,,9789,4,,,0,55,,9823,4,,,0,15,,9790,4,,,0,15,,9824,4,,,0,15,,9791,4,,,0,55,,9825,4,,,0,15,,9792,4,,,0,15,,9826,4,,,0,15,,9793,4,,,0,55,,9827,4,,,0,15,,9794,4,,,0,15,,9817,4,,,0,15,,9795,4,,,0,55,,9818,4,,,0,15,,9796,4,,,0,20,,9797,4,,,0,18,,9798,4,,,0,55,,9799,4,,,0,20,,9800,4,,,0,15,,9801,4,,,0,60,,9802,4,,,0,20,,9803,4,,,0,20,,9804,4,,,0,60,,9805,4,,,0,20,,9806,4,,,0,20,,9807,4,,,0,72,,9808,4,,,0,30,,9809,4,,,0,70,,9810,4,,,0,30,,9811,4,,,0,70,,9812,4,,,0,30,,9813,4,,,0,69,,9814,4,,,0,30,,9815,4,,,0,70,,9816,4,,,0
4801,'Weekday',749,,10002,1,,,0,751,,10003,1,,,0
5100,'Saturday',2316,,8870,31,,,0,99,,8869,31,,,0,100,,8868,31,,,0
5100,'Weekday',2326,,10011,31,,,0,89,,10010,31,,,0,100,,10009,31,,,0
