400,'Holiday21111111',1153,,7084,28,,,0,100,,7088,28,,,0,100,,7085,28,,,0,100,,7089,28,,,0,100,,7086,28,,,0,100,,7090,28,,,0,100,,7087,28,,,0
400,'Saturday',853,,7104,28,,,0,100,,7110,28,,,0,100,,7105,28,,,0,100,,7111,28,,,0,100,,7106,28,,,0,100,,7112,28,,,0,100,,7107,28,,,0,100,,7113,28,,,0,100,,7108,28,,,0,100,,7114,28,,,0,100,,7109,28,,,0,100,,7115,28,,,0,99,,7116,28,,,0
400,'Sunday',1153,,7117,28,,,0,100,,7121,28,,,0,100,,7118,28,,,0,100,,7122,28,,,0,100,,7119,28,,,0,100,,7123,28,,,0,100,,7120,28,,,0
400,'Weekday',555,,9480,28,,,0,101,,9481,28,,,0,102,,9482,28,,,0,63,,9483,28,,,0,37,,9484,28,,,0,69,,9485,28,,,0,30,,9486,28,,,0,70,,9487,28,,,0,30,,9488,28,,,0,70,,9489,28,,,0,30,,9490,28,,,0,70,,9491,28,,,0,30,,9492,28,,,0,70,,9493,28,,,0,30,,9494,28,,,0,70,,9495,28,,,0,30,,9496,28,,,0,71,,9497,28,,,0,29,,9498,28,,,0,70,,9499,28,,,0,30,,9500,28,,,0,70,,9501,28,,,0,73,,9502,28,,,0,28,,9506,28,,,0,30,,9503,28,,,0,97,,9504,28,,,0,100,,9505,28,,,0
1000,'Holiday21111111',814,,7427,15,,,0,30,,7421,15,,,0,70,,7426,15,,,0,28,,7418,15,,,0,70,,7420,15,,,0,30,,7398,15,,,0,15,,7386,15,,,0,55,,7389,15,,,0,15,,7408,15,,,0,15,,7406,15,,,0,15,,7399,15,,,0,55,,7405,15,,,0,15,,7390,15,,,0,15,,7409,15,,,0,15,,7397,15,,,0,55,,7400,15,,,0,15,,7415,15,,,0,15,,7391,15,,,0,15,,7410,15,,,0,55,,7404,15,,,0,15,,7401,15,,,0,15,,7395,15,,,0,15,,7392,15,,,0,55,,7411,15,,,0,15,,7388,15,,,0,15,,7402,15,,,0,15,,7414,15,,,0,55,,7393,15,,,0,15,,7412,15,,,0,15,,7407,15,,,0,15,,7403,15,,,0,55,,7387,15,,,0,15,,7394,15,,,0,15,,7413,15,,,0,15,,7396,15,,,0,55,,7385,15,,,0,30,,7416,15,,,0,68,,7422,15,,,0,30,,7417,15,,,0,70,,7423,15,,,0,30,,7419,15,,,0,70,,7424,15,,,0,30,,7425,15,,,0
1000,'Saturday',710,,7485,15,,,0,30,,7486,15,,,0,70,,7487,15,,,0,30,,7488,15,,,0,70,,7489,15,,,0,17,,7529,15,,,0,15,,7490,15,,,0,15,,7491,15,,,0,55,,7492,15,,,0,15,,7493,15,,,0,15,,7494,15,,,0,15,,7495,15,,,0,55,,7496,15,,,0,15,,7497,15,,,0,15,,7498,15,,,0,15,,7499,15,,,0,55,,7500,15,,,0,15,,7501,15,,,0,15,,7502,15,,,0,15,,7503,15,,,0,55,,7504,15,,,0,15,,7505,15,,,0,15,,7506,15,,,0,15,,7507,15,,,0,55,,7508,15,,,0,15,,7509,15,,,0,15,,7510,15,,,0,15,,7511,15,,,0,55,,7512,15,,,0,15,,7513,15,,,0,15,,7514,15,,,0,15,,7515,15,,,0,55,,7516,15,,,0,15,,7517,15,,,0,15,,7518,15,,,0,15,,7519,15,,,0,55,,7520,15,,,0,15,,7521,15,,,0,15,,7522,15,,,0,15,,7523,15,,,0,55,,7524,15,,,0,15,,7525,15,,,0,15,,7526,15,,,0,68,,7527,15,,,0,30,,7528,15,,,0,70,,7481,15,,,0,30,,7479,15,,,0,70,,7483,15,,,0,30,,7482,15,,,0,70,,7480,15,,,0,30,,7484,15,,,0
1000,'Sunday',814,,7572,15,,,0,30,,7566,15,,,0,70,,7571,15,,,0,28,,7563,15,,,0,70,,7565,15,,,0,30,,7543,15,,,0,15,,7531,15,,,0,55,,7534,15,,,0,15,,7553,15,,,0,15,,7551,15,,,0,15,,7544,15,,,0,55,,7550,15,,,0,15,,7535,15,,,0,15,,7554,15,,,0,15,,7542,15,,,0,55,,7545,15,,,0,15,,7560,15,,,0,15,,7536,15,,,0,15,,7555,15,,,0,55,,7549,15,,,0,15,,7546,15,,,0,15,,7540,15,,,0,15,,7537,15,,,0,55,,7556,15,,,0,15,,7533,15,,,0,15,,7547,15,,,0,15,,7559,15,,,0,55,,7538,15,,,0,15,,7557,15,,,0,15,,7552,15,,,0,15,,7548,15,,,0,55,,7532,15,,,0,15,,7539,15,,,0,15,,7558,15,,,0,15,,7541,15,,,0,55,,7530,15,,,0,30,,7561,15,,,0,68,,7567,15,,,0,30,,7562,15,,,0,70,,7568,15,,,0,30,,7564,15,,,0,70,,7569,15,,,0,30,,7570,15,,,0
1000,'Weekday',504,,9605,15,,,0,30,,9614,15,,,0,66,,9600,15,,,0,27,,9631,15,,,0,15,,9628,15,,,0,15,,9632,15,,,0,50,,9624,15,,,0,17,,9633,15,,,0,15,,9609,15,,,0,15,,9634,15,,,0,55,,9615,15,,,0,17,,9635,15,,,0,15,,9595,15,,,0,15,,9636,15,,,0,55,,9621,15,,,0,15,,9637,15,,,0,15,,9630,15,,,0,15,,9638,15,,,0,55,,9627,15,,,0,15,,9639,15,,,0,15,,9616,15,,,0,15,,9640,15,,,0,55,,9612,15,,,0,15,,9641,15,,,0,15,,9604,15,,,0,15,,9642,15,,,0,58,,9613,15,,,0,12,,9643,15,,,0,15,,9599,15,,,0,15,,9644,15,,,0,55,,9617,15,,,0,15,,9645,15,,,0,15,,9629,15,,,0,15,,9646,15,,,0,56,,9603,15,,,0,15,,9647,15,,,0,15,,9626,15,,,0,17,,9648,15,,,0,55,,9623,15,,,0,15,,9649,15,,,0,15,,9618,15,,,0,56,,9650,15,,,0,12,,9622,15,,,0,16,,9651,15,,,0,14,,9611,15,,,0,58,,9652,15,,,0,15,,9606,15,,,0,15,,9653,15,,,0,15,,9608,15,,,0,55,,9654,15,,,0,13,,9619,15,,,0,15,,9655,15,,,0,12,,9607,15,,,0,15,,9656,15,,,0,55,,9602,15,,,0,30,,9625,15,,,0,70,,9610,15,,,0,30,,9620,15,,,0,70,,9596,15,,,0,30,,9598,15,,,0,69,,9601,15,,,0,30,,9597,15,,,0
5000,'Saturday',2308,,8854,14,,,0,100,,8853,14,,,0,100,,8855,14,0,8 4 9 10,0
5000,'Weekday',2318,,10005,14,,,0,90,,10004,14,,,0,100,,10006,14,0,8 4 9 10,0
