400,'Holiday21111111',1155,,7084,30,,,0,100,,7088,30,,,0,100,,7085,30,,,0,100,,7089,30,,,0,100,,7086,30,,,0,100,,7090,30,,,0,100,,7087,30,,,0
400,'Saturday',855,,7104,30,,,0,100,,7110,30,,,0,100,,7105,30,,,0,100,,7111,30,,,0,100,,7106,30,,,0,100,,7112,30,,,0,100,,7107,30,,,0,100,,7113,30,,,0,100,,7108,30,,,0,100,,7114,30,,,0,100,,7109,30,,,0,100,,7115,30,,,0,98,,7116,30,,,0
400,'Sunday',1155,,7117,30,,,0,100,,7121,30,,,0,100,,7118,30,,,0,100,,7122,30,,,0,100,,7119,30,,,0,100,,7123,30,,,0,100,,7120,30,,,0
400,'Weekday',557,,9480,30,,,0,101,,9481,30,,,0,142,,9482,30,,,0,23,,9483,30,,,0,77,,9484,30,,,0,29,,9485,30,,,0,30,,9486,30,,,0,70,,9487,30,,,0,30,,9488,30,,,0,70,,9489,30,,,0,30,,9490,30,,,0,70,,9491,30,,,0,30,,9492,30,,,0,70,,9493,30,,,0,30,,9494,30,,,0,70,,9495,30,,,0,30,,9496,30,,,0,71,,9497,30,,,0,29,,9498,30,,,0,70,,9499,30,,,0,30,,9500,30,,,0,70,,9501,30,,,0,73,,9502,30,,,0,28,,9506,30,,,0,70,,9503,30,,,0,57,,9504,30,,,0,100,,9505,30,,,0
1000,'Holiday21111111',815,,7427,17,,,0,30,,7421,17,,,0,70,,7426,17,,,0,28,,7418,17,,,0,70,,7420,17,,,0,30,,7398,17,,,0,15,,7386,17,,,0,55,,7389,17,,,0,15,,7408,17,,,0,15,,7406,17,,,0,15,,7399,17,,,0,55,,7405,17,,,0,15,,7390,17,,,0,15,,7409,17,,,0,15,,7397,17,,,0,55,,7400,17,,,0,15,,7415,17,,,0,15,,7391,17,,,0,15,,7410,17,,,0,55,,7404,17,,,0,15,,7401,17,,,0,15,,7395,17,,,0,15,,7392,17,,,0,55,,7411,17,,,0,15,,7388,17,,,0,15,,7402,17,,,0,15,,7414,17,,,0,55,,7393,17,,,0,15,,7412,17,,,0,15,,7407,17,,,0,15,,7403,17,,,0,55,,7387,17,,,0,15,,7394,17,,,0,15,,7413,17,,,0,15,,7396,17,,,0,55,,7385,17,,,0,30,,7416,17,,,0,68,,7422,17,,,0,30,,7417,17,,,0,70,,7423,17,,,0,30,,7419,17,,,0,70,,7424,17,,,0,30,,7425,17,,,0
1000,'Saturday',711,,7485,17,,,0,30,,7486,17,,,0,70,,7487,17,,,0,30,,7488,17,,,0,70,,7489,17,,,0,17,,7529,17,,,0,15,,7490,17,,,0,15,,7491,17,,,0,55,,7492,17,,,0,15,,7493,17,,,0,15,,7494,17,,,0,15,,7495,17,,,0,55,,7496,17,,,0,15,,7497,17,,,0,15,,7498,17,,,0,15,,7499,17,,,0,55,,7500,17,,,0,15,,7501,17,,,0,15,,7502,17,,,0,15,,7503,17,,,0,55,,7504,17,,,0,15,,7505,17,,,0,15,,7506,17,,,0,15,,7507,17,,,0,55,,7508,17,,,0,15,,7509,17,,,0,15,,7510,17,,,0,15,,7511,17,,,0,55,,7512,17,,,0,15,,7513,17,,,0,15,,7514,17,,,0,15,,7515,17,,,0,55,,7516,17,,,0,15,,7517,17,,,0,15,,7518,17,,,0,15,,7519,17,,,0,55,,7520,17,,,0,15,,7521,17,,,0,15,,7522,17,,,0,15,,7523,17,,,0,55,,7524,17,,,0,15,,7525,17,,,0,15,,7526,17,,,0,68,,7527,17,,,0,30,,7528,17,,,0,70,,7481,17,,,0,30,,7479,17,,,0,70,,7483,17,,,0,30,,7482,17,,,0,70,,7480,17,,,0,30,,7484,17,,,0
1000,'Sunday',815,,7572,17,,,0,30,,7566,17,,,0,70,,7571,17,,,0,28,,7563,17,,,0,70,,7565,17,,,0,30,,7543,17,,,0,15,,7531,17,,,0,55,,7534,17,,,0,15,,7553,17,,,0,15,,7551,17,,,0,15,,7544,17,,,0,55,,7550,17,,,0,15,,7535,17,,,0,15,,7554,17,,,0,15,,7542,17,,,0,55,,7545,17,,,0,15,,7560,17,,,0,15,,7536,17,,,0,15,,7555,17,,,0,55,,7549,17,,,0,15,,7546,17,,,0,15,,7540,17,,,0,15,,7537,17,,,0,55,,7556,17,,,0,15,,7533,17,,,0,15,,7547,17,,,0,15,,7559,17,,,0,55,,7538,17,,,0,15,,7557,17,,,0,15,,7552,17,,,0,15,,7548,17,,,0,55,,7532,17,,,0,15,,7539,17,,,0,15,,7558,17,,,0,15,,7541,17,,,0,55,,7530,17,,,0,30,,7561,17,,,0,68,,7567,17,,,0,30,,7562,17,,,0,70,,7568,17,,,0,30,,7564,17,,,0,70,,7569,17,,,0,30,,7570,17,,,0
1000,'Weekday',505,,9605,17,,,0,30,,9614,17,,,0,66,,9600,17,,,0,27,,9631,17,,,0,15,,9628,17,,,0,15,,9632,17,,,0,50,,9624,17,,,0,17,,9633,17,,,0,15,,9609,17,,,0,15,,9634,17,,,0,55,,9615,17,,,0,17,,9635,17,,,0,15,,9595,17,,,0,15,,9636,17,,,0,55,,9621,17,,,0,15,,9637,17,,,0,15,,9630,17,,,0,15,,9638,17,,,0,55,,9627,17,,,0,15,,9639,17,,,0,15,,9616,17,,,0,15,,9640,17,,,0,55,,9612,17,,,0,15,,9641,17,,,0,15,,9604,17,,,0,15,,9642,17,,,0,58,,9613,17,,,0,12,,9643,17,,,0,15,,9599,17,,,0,15,,9644,17,,,0,55,,9617,17,,,0,15,,9645,17,,,0,15,,9629,17,,,0,15,,9646,17,,,0,56,,9603,17,,,0,15,,9647,17,,,0,15,,9626,17,,,0,57,,9648,17,,,0,15,,9623,17,,,0,15,,9649,17,,,0,15,,9618,17,,,0,56,,9650,17,,,0,12,,9622,17,,,0,16,,9651,17,,,0,14,,9611,17,,,0,58,,9652,17,,,0,15,,9606,17,,,0,15,,9653,17,,,0,15,,9608,17,,,0,55,,9654,17,,,0,13,,9619,17,,,0,15,,9655,17,,,0,12,,9607,17,,,0,15,,9656,17,,,0,55,,9602,17,,,0,30,,9625,17,,,0,70,,9610,17,,,0,30,,9620,17,,,0,70,,9596,17,,,0,30,,9598,17,,,0,69,,9601,17,,,0,30,,9597,17,,,0
5000,'Saturday',2308,,8854,16,,,0,100,,8853,16,,,0,100,,8855,16,0,8 4 9 10,0
5000,'Weekday',2318,,10005,16,,,0,90,,10004,16,,,0,100,,10006,16,0,8 4 9 10,0
