101,'Holiday21111111',643,,5958,15,,,0,15,,5959,15,,,0,55,,5960,15,,,0,15,,5961,15,,,0,15,,5962,15,,,0,15,,5963,15,,,0,55,,5964,15,,,0,15,,5965,15,,,0,10,,5966,15,,,0,15,,5967,15,,,0,56,,5968,15,,,0,15,,5969,15,,,0,15,,5970,15,,,0,15,,5971,15,,,0,55,,5972,15,,,0,15,,5973,15,,,0,15,,5974,15,,,0,15,,5975,15,,,0,55,,5976,15,,,0,15,,5977,15,,,0,15,,5978,15,,,0,15,,5979,15,,,0,55,,5980,15,,,0,15,,5981,15,,,0,15,,5982,15,,,0,15,,5983,15,,,0,55,,5984,15,,,0,15,,5985,15,,,0,15,,5986,15,,,0,15,,5987,15,,,0,55,,5988,15,,,0,15,,5989,15,,,0,15,,5990,15,,,0,15,,5991,15,,,0,55,,5992,15,,,0,15,,5993,15,,,0,15,,5994,15,,,0,15,,5995,15,,,0,55,,5996,15,,,0,15,,5997,15,,,0,15,,5998,15,,,0,15,,5999,15,,,0,55,,6000,15,,,0,15,,6001,15,,,0,15,,6002,15,,,0,15,,6003,15,,,0,54,,6004,15,,,0,18,,6005,15,,,0,15,,6006,15,,,0,15,,6007,15,,,0,55,,6008,15,,,0,15,,5953,15,,,0,30,,5955,15,,,0,70,,5957,15,,,0,30,,5954,15,,,0,70,,5956,15,,,0,30,,6010,15,,,0,70,,6009,15,,,0
101,'Saturday',643,,6086,15,,,0,15,,6087,15,,,0,55,,6088,15,,,0,10,,6089,15,,,0,15,,6090,15,,,0,15,,6091,15,,,0,55,,6092,15,,,0,15,,6093,15,,,0,15,,6094,15,,,0,15,,6095,15,,,0,56,,6096,15,,,0,15,,6097,15,,,0,15,,6098,15,,,0,15,,6099,15,,,0,55,,6100,15,,,0,14,,6101,15,,,0,11,,6138,15,,,0,14,,6102,15,,,0,54,,6103,15,,,0,14,,6104,15,,,0,14,,6105,15,,,0,14,,6106,15,,,0,14,,6107,15,,,0,54,,6137,15,,,0,14,,6108,15,,,0,14,,6109,15,,,0,14,,6110,15,,,0,54,,6111,15,,,0,13,,6112,15,,,0,14,,6113,15,,,0,14,,6135,15,,,0,54,,6114,15,,,0,14,,6115,15,,,0,14,,6116,15,,,0,14,,6117,15,,,0,14,,6118,15,,,0,54,,6119,15,,,0,14,,6136,15,,,0,14,,6120,15,,,0,14,,6121,15,,,0,54,,6122,15,,,0,14,,6123,15,,,0,14,,6124,15,,,0,14,,6125,15,,,0,54,,6126,15,,,0,15,,6127,15,,,0,15,,6128,15,,,0,15,,6129,15,,,0,55,,6130,15,,,0,17,,6131,15,,,0,18,,6132,15,,,0,15,,6133,15,,,0,55,,6134,15,,,0,15,,6078,15,,,0,30,,6081,15,,,0,70,,6075,15,,,0,30,,6079,15,,,0,69,,6082,15,,,0,30,,6076,15,,,0,70,,6080,15,,,0,30,,6083,15,,,0,70,,6077,15,,,0,30,,6084,15,,,0,69,,6085,15,,,0
101,'Sunday',643,,6146,15,,,0,15,,6147,15,,,0,55,,6148,15,,,0,10,,6149,15,,,0,15,,6150,15,,,0,15,,6151,15,,,0,55,,6152,15,,,0,15,,6153,15,,,0,15,,6154,15,,,0,15,,6155,15,,,0,56,,6156,15,,,0,15,,6157,15,,,0,15,,6158,15,,,0,15,,6159,15,,,0,55,,6160,15,,,0,14,,6161,15,,,0,11,,6198,15,,,0,14,,6162,15,,,0,54,,6163,15,,,0,14,,6164,15,,,0,14,,6165,15,,,0,14,,6166,15,,,0,14,,6167,15,,,0,54,,6197,15,,,0,14,,6168,15,,,0,14,,6169,15,,,0,14,,6170,15,,,0,54,,6171,15,,,0,13,,6172,15,,,0,14,,6173,15,,,0,14,,6195,15,,,0,54,,6174,15,,,0,14,,6175,15,,,0,14,,6176,15,,,0,14,,6177,15,,,0,14,,6178,15,,,0,54,,6179,15,,,0,14,,6196,15,,,0,14,,6180,15,,,0,14,,6181,15,,,0,54,,6182,15,,,0,14,,6183,15,,,0,14,,6184,15,,,0,14,,6185,15,,,0,54,,6186,15,,,0,15,,6187,15,,,0,15,,6188,15,,,0,15,,6189,15,,,0,55,,6190,15,,,0,17,,6191,15,,,0,18,,6192,15,,,0,15,,6193,15,,,0,55,,6194,15,,,0,18,,6141,15,,,0,30,,6144,15,,,0,70,,6139,15,,,0,30,,6142,15,,,0,69,,6145,15,,,0,30,,6140,15,,,0,70,,6143,15,,,0
101,'Weekday',500,,9221,15,,,0,15,,9222,15,,,0,12,,9223,15,,,0,12,,9224,15,,,0,12,,9225,15,,,0,52,,9226,15,,,0,12,,9230,15,,,0,12,,9229,15,,,0,12,,9227,15,,,0,15,,9214,15,,,0,54,,9217,15,,,0,12,,9218,15,,,0,12,,9215,15,,,0,13,,9219,15,,,0,12,,9220,15,,,0,52,,9174,15,,,0,12,,9161,15,,,0,12,,9162,15,,,0,12,,9163,15,,,0,12,,9164,15,,,0,52,,9165,15,,,0,12,,9166,15,,,0,12,,9167,15,,,0,12,,9168,15,,,0,12,,9169,15,,,0,52,,9170,15,,,0,12,,9171,15,,,0,12,,9172,15,,,0,13,,9173,15,,,0,12,,9149,15,,,0,52,,9154,15,,,0,12,,9155,15,,,0,12,,9153,15,,,0,12,,9160,15,,,0,12,,9151,15,,,0,52,,9147,15,,,0,12,,9148,15,,,0,12,,9150,15,,,0,12,,9159,15,,,0,12,,9156,15,,,0,50,,9231,15,,,0,10,,9158,15,,,0,11,,9157,15,,,0,11,,9209,15,,,0,10,,9152,15,,,0,50,,9210,15,,,0,9,,9232,15,,,0,9,,9211,15,,,0,9,,9212,15,,,0,9,,9213,15,,,0,9,,9183,15,,,0,9,,9185,15,,,0,50,,9178,15,,,0,10,,9181,15,,,0,11,,9194,15,,,0,11,,9187,15,,,0,11,,9201,15,,,0,10,,9216,15,,,0,50,,9192,15,,,0,10,,9197,15,,,0,10,,9200,15,,,0,10,,9195,15,,,0,10,,9189,15,,,0,10,,9193,15,,,0,50,,9190,15,,,0,10,,9182,15,,,0,11,,9199,15,,,0,10,,9202,15,,,0,10,,9196,15,,,0,9,,9180,15,,,0,52,,9198,15,,,0,12,,9186,15,,,0,12,,9191,15,,,0,12,,9179,15,,,0,12,,9188,15,,,0,50,,9177,15,,,0,10,,9184,15,,,0,10,,9175,15,,,0,10,,9176,15,,,0,10,,9203,15,,,0,10,,9204,15,,,0,51,,9205,15,,,0,12,,9206,15,,,0,12,,9207,15,,,0,12,,9208,15,,,0,10,,9132,15,,,0,55,,9133,15,,,0,15,,9135,15,,,0,15,,9134,15,,,0,14,,9137,15,,,0,60,,9136,15,,,0,20,,9142,15,,,0,15,,9138,15,,,0,55,,9143,15,,,0,15,,9139,15,,,0,15,,9144,15,,,0,15,,9140,15,,,0,55,,9145,15,,,0,15,,9141,15,,,0,15,,9146,15,,,0,15,,9228,15,,,0
601,'Holiday21111111',833,,7300,29,,,0,100,,7301,29,,,0,113,,7302,29,,,0,100,,7303,29,,,0,100,,7304,29,,,0,100,,7305,29,,,0,104,,7306,29,,,0,100,,7307,29,,,0,100,,7308,29,,,0,100,,7309,29,,,0,100,,7310,29,,,0,100,,7311,29,,,0
601,'Saturday',733,,7341,29,,,0,100,,7340,29,,,0,100,,7339,29,,,0,110,,7338,29,,,0,100,,7337,29,,,0,100,,7336,29,,,0,100,,7335,29,,,0,100,,7334,29,,,0,100,,7333,29,,,0,100,,7332,29,,,0,100,,7331,29,,,0,100,,7330,29,,,0,100,,7329,29,,,0,100,,7328,29,,,0,100,,7327,29,,,0
601,'Sunday',833,,7342,29,,,0,100,,7343,29,,,0,113,,7344,29,,,0,100,,7345,29,,,0,100,,7346,29,,,0,100,,7347,29,,,0,104,,7348,29,,,0,100,,7349,29,,,0,100,,7350,29,,,0,100,,7351,29,,,0,100,,7352,29,,,0,100,,7353,29,,,0
601,'Weekday',542,,9564,29,,,0,101,,9565,29,,,0,70,,9566,29,,,0,32,,9567,29,,,0,73,,9568,29,,,0,30,,9569,29,,,0,70,,9570,29,,,0,30,,9571,29,,,0,65,,9572,29,,,0,30,,9573,29,,,0,70,,9574,29,,,0,30,,9575,29,,,0,70,,9576,29,,,0,30,,9577,29,,,0,70,,9578,29,,,0,30,,9579,29,,,0,70,,9580,29,,,0,34,,9581,29,,,0,69,,9582,29,,,0,33,,9583,29,,,0,80,,9592,29,,,0,76,,9587,29,,,0,32,,9594,29,,,0,63,,9590,29,,,0,24,,9589,29,,,0,25,,9586,29,,,0,70,,9591,29,,,0,28,,9588,29,,,0,100,,9584,29,,,0,100,,9585,29,,,0,100,,9593,29,,,0
5001,'Saturday',2337,,8862,33,,,0,100,,8861,33,,,0
5001,'Weekday',2347,,10008,33,,,0,90,,10007,33,,,0
5101,'Saturday',2342,,8878,29,,,0,96,,8877,29,,,0
5101,'Weekday',2352,,10013,29,,,0,86,,10012,29,,,0
8001,'Weekday',520,,10054,1,,,0,30,,10060,20,,,0,71,,10055,20,,,0,30,,10061,20,,,0,73,,10056,20,,,0,30,,10062,20,,,0,77,,10057,20,,,0,70,,10063,20,,,0,30,,10058,20,,,0,70,,10064,20,,,0,30,,10059,20,,,0,70,,10065,20,,,0,30,,10070,20,,,0,70,,10066,20,,,0,26,,10071,20,,,0,30,,10067,20,,,0,70,,10072,20,,,0,30,,10068,20,,,0,72,,10073,20,,,0,30,,10069,20,,,0,69,,10075,20,,,0,29,,10049,20,,,0,74,,10053,20,,,0,23,,10050,20,,,0,70,,10051,20,,,0,30,,10074,20,,,0,67,,10048,20,,,0,30,,10052,20,,,0
8101,'Weekday',608,,10108,39,,,0,32,,10113,39,,,0,70,,10109,39,,,0,34,,10114,39,,,0,70,,10110,39,,,0,39,,10115,39,,,0,66,,10111,39,,,0,30,,10116,39,,,0,68,,10112,39,,,0,30,,10119,39,,,0,70,,10120,39,,,0,30,,10121,39,,,0,71,,10122,39,,,0,26,,10123,39,,,0,70,,10124,39,,,0,30,,10125,39,,,0,71,,10126,39,,,0,30,,10127,39,,,0,73,,10128,39,,,0,30,,10117,39,,,0,60,,10131,39,,,0,15,,10129,39,,,0,30,,10118,39,,,0,70,,10106,39,,,0,28,,10104,39,,,0,66,,10105,39,,,0,28,,10130,39,,,0,69,,10107,39,,,0
