401,'Holiday21111111',1101,,7158,43,,,0,100,,7154,43,,,0,100,,7151,43,,,0,100,,7155,43,,,0,100,,7152,43,,,0,100,,7156,43,,,0,100,,7153,43,,,0,58,,7157,43,,,0
401,'Saturday',1001,,7170,43,,,0,100,,7175,43,,,0,100,,7171,43,,,0,100,,7176,43,,,0,100,,7172,43,,,0,100,,7177,43,,,0,100,,7173,43,,,0,100,,7178,43,,,0,58,,7174,43,,,0,100,,7179,43,,,0,100,,7180,43,,,0
401,'Sunday',1101,,7188,43,,,0,100,,7184,43,,,0,100,,7181,43,,,0,100,,7185,43,,,0,100,,7182,43,,,0,100,,7186,43,,,0,100,,7183,43,,,0,58,,7187,43,,,0
401,'Weekday',600,,9507,43,,,0,101,,9508,43,,,0,30,,9509,43,,,0,70,,9510,43,,,0,31,,9511,43,,,0,70,,9512,43,,,0,30,,9513,43,,,0,70,,9514,43,,,0,30,,9515,43,,,0,70,,9516,43,,,0,30,,9517,43,,,0,70,,9518,43,,,0,30,,9519,43,,,0,70,,9520,43,,,0,30,,9521,43,,,0,70,,9522,43,,,0,31,,9523,43,,,0,70,,9524,43,,,0,30,,9525,43,,,0,74,,9526,43,,,0,30,,9527,43,,,0,66,,9528,43,,,0,28,,9529,43,,,0,70,,9530,43,,,0,102,,9531,43,,,0,99,,9532,43,,,0
1001,'Holiday21111111',811,,7659,47,,,0,30,,7676,47,,,0,70,,7677,47,,,0,32,,7675,47,,,0,71,,7657,47,,,0,30,,7662,47,,,0,15,,7661,47,,,0,55,,7663,47,,,0,15,,7664,47,,,0,15,,7665,47,,,0,15,,7666,47,,,0,55,,7667,47,,,0,15,,7668,47,,,0,15,,7669,47,,,0,15,,7670,47,,,0,55,,7671,47,,,0,15,,7672,47,,,0,15,,7673,47,,,0,15,,7674,47,,,0,55,,7660,47,,,0,15,,7658,47,,,0,15,,7652,47,,,0,15,,7635,47,,,0,55,,7645,47,,,0,15,,7647,47,,,0,15,,7650,47,,,0,15,,7640,47,,,0,55,,7654,47,,,0,15,,7644,47,,,0,15,,7648,47,,,0,15,,7636,47,,,0,55,,7641,47,,,0,15,,7655,47,,,0,15,,7643,47,,,0,10,,7649,47,,,0,59,,7642,47,,,0,30,,7638,47,,,0,70,,7653,47,,,0,28,,7637,47,,,0,69,,7646,47,,,0,30,,7656,47,,,0,70,,7639,47,,,0,30,,7651,47,,,0
1001,'Saturday',741,,7770,47,,,0,70,,7771,47,,,0,30,,7772,47,,,0,70,,7773,47,,,0,32,,7774,47,,,0,16,,7776,47,,,0,55,,7775,47,,,0,15,,7777,47,,,0,15,,7761,47,,,0,15,,7769,47,,,0,55,,7746,47,,,0,15,,7753,47,,,0,15,,7734,47,,,0,15,,7762,47,,,0,55,,7743,47,,,0,15,,7747,47,,,0,15,,7754,47,,,0,15,,7735,47,,,0,55,,7763,47,,,0,15,,7758,47,,,0,15,,7748,47,,,0,15,,7755,47,,,0,55,,7736,47,,,0,15,,7764,47,,,0,15,,7757,47,,,0,15,,7749,47,,,0,55,,7742,47,,,0,15,,7737,47,,,0,15,,7765,47,,,0,15,,7744,47,,,0,55,,7750,47,,,0,15,,7741,47,,,0,15,,7738,47,,,0,15,,7766,47,,,0,55,,7759,47,,,0,15,,7751,47,,,0,15,,7756,47,,,0,15,,7739,47,,,0,55,,7767,47,,,0,14,,7760,47,,,0,15,,7752,47,,,0,15,,7745,47,,,0,55,,7740,47,,,0,28,,7768,47,,,0,69,,7728,47,,,0,30,,7732,47,,,0,70,,7730,47,,,0,30,,7729,47,,,0,70,,7733,47,,,0,30,,7731,47,,,0
1001,'Sunday',811,,7802,47,,,0,30,,7819,47,,,0,70,,7820,47,,,0,32,,7818,47,,,0,71,,7800,47,,,0,30,,7805,47,,,0,15,,7804,47,,,0,55,,7806,47,,,0,15,,7807,47,,,0,15,,7808,47,,,0,15,,7809,47,,,0,55,,7810,47,,,0,15,,7811,47,,,0,15,,7812,47,,,0,15,,7813,47,,,0,55,,7814,47,,,0,15,,7815,47,,,0,15,,7816,47,,,0,15,,7817,47,,,0,55,,7803,47,,,0,15,,7801,47,,,0,15,,7795,47,,,0,15,,7778,47,,,0,55,,7788,47,,,0,15,,7790,47,,,0,15,,7793,47,,,0,15,,7783,47,,,0,55,,7797,47,,,0,15,,7787,47,,,0,15,,7791,47,,,0,15,,7779,47,,,0,55,,7784,47,,,0,15,,7798,47,,,0,15,,7786,47,,,0,10,,7792,47,,,0,59,,7785,47,,,0,30,,7781,47,,,0,70,,7796,47,,,0,28,,7780,47,,,0,69,,7789,47,,,0,30,,7799,47,,,0,70,,7782,47,,,0,30,,7794,47,,,0
1001,'Weekday',539,,9657,47,,,0,68,,9658,47,,,0,30,,9659,47,,,0,15,,9692,47,,,0,55,,9660,47,,,0,15,,9693,47,,,0,17,,9661,47,,,0,15,,9694,47,,,0,55,,9662,47,,,0,20,,9695,47,,,0,15,,9663,47,,,0,15,,9696,47,,,0,55,,9664,47,,,0,16,,9697,47,,,0,15,,9665,47,,,0,55,,9698,47,,,0,15,,9666,47,,,0,15,,9699,47,,,0,15,,9667,47,,,0,55,,9700,47,,,0,15,,9668,47,,,0,15,,9701,47,,,0,15,,9669,47,,,0,55,,9702,47,,,0,15,,9670,47,,,0,15,,9703,47,,,0,15,,9671,47,,,0,55,,9704,47,,,0,15,,9672,47,,,0,15,,9705,47,,,0,15,,9673,47,,,0,55,,9706,47,,,0,15,,9674,47,,,0,17,,9707,47,,,0,15,,9675,47,,,0,55,,9708,47,,,0,15,,9676,47,,,0,15,,9709,47,,,0,12,,9677,47,,,0,15,,9710,47,,,0,55,,9678,47,,,0,15,,9711,47,,,0,15,,9679,47,,,0,15,,9712,47,,,0,52,,9680,47,,,0,15,,9713,47,,,0,15,,9681,47,,,0,18,,9714,47,,,0,55,,9682,47,,,0,12,,9715,47,,,0,18,,9683,47,,,0,15,,9716,47,,,0,55,,9684,47,,,0,30,,9685,47,,,0,70,,9686,47,,,0,30,,9687,47,,,0,70,,9688,47,,,0,28,,9689,47,,,0,70,,9690,47,,,0,30,,9691,47,,,0
5201,'Saturday',2340,,8895,19,,,0,98,,8894,19,,,0
5201,'Weekday',2350,,10019,19,,,0,88,,10018,19,,,0
