401,'Holiday21111111',1038,,7158,4,,,0,100,,7154,4,,,0,100,,7151,4,,,0,100,,7155,4,,,0,100,,7152,4,,,0,100,,7156,4,,,0,100,,7153,4,,,0,100,,7157,4,,,0
401,'Saturday',938,,7170,4,,,0,100,,7175,4,,,0,100,,7171,4,,,0,100,,7176,4,,,0,100,,7172,4,,,0,100,,7177,4,,,0,100,,7173,4,,,0,100,,7178,4,,,0,100,,7174,4,,,0,100,,7179,4,,,0,100,,7180,4,,,0
401,'Sunday',1038,,7188,4,,,0,100,,7184,4,,,0,100,,7181,4,,,0,100,,7185,4,,,0,100,,7182,4,,,0,100,,7186,4,,,0,100,,7183,4,,,0,100,,7187,4,,,0
401,'Weekday',538,,9507,4,,,0,100,,9508,4,,,0,73,,9509,4,,,0,27,,9510,4,,,0,70,,9511,4,,,0,30,,9512,4,,,0,70,,9513,4,,,0,30,,9514,4,,,0,70,,9515,4,,,0,30,,9516,4,,,0,70,,9517,4,,,0,30,,9518,4,,,0,70,,9519,4,,,0,30,,9520,4,,,0,70,,9521,4,,,0,30,,9522,4,,,0,70,,9523,4,,,0,30,,9524,4,,,0,70,,9525,4,,,0,34,,9526,4,,,0,70,,9527,4,,,0,26,,9528,4,,,0,70,,9529,4,,,0,30,,9530,4,,,0,102,,9531,4,,,0,100,,9532,4,,,0
1001,'Holiday21111111',751,,7659,4,,,0,70,,7676,4,,,0,30,,7677,4,,,0,70,,7675,4,,,0,30,,7657,4,,,0,70,,7662,4,,,0,15,,7661,4,,,0,15,,7663,4,,,0,55,,7664,4,,,0,15,,7665,4,,,0,15,,7666,4,,,0,15,,7667,4,,,0,55,,7668,4,,,0,15,,7669,4,,,0,15,,7670,4,,,0,15,,7671,4,,,0,55,,7672,4,,,0,15,,7673,4,,,0,15,,7674,4,,,0,15,,7660,4,,,0,55,,7658,4,,,0,15,,7652,4,,,0,15,,7635,4,,,0,15,,7645,4,,,0,55,,7647,4,,,0,15,,7650,4,,,0,15,,7640,4,,,0,15,,7654,4,,,0,55,,7644,4,,,0,15,,7648,4,,,0,15,,7636,4,,,0,15,,7641,4,,,0,55,,7655,4,,,0,15,,7643,4,,,0,10,,7649,4,,,0,19,,7642,4,,,0,71,,7638,4,,,0,30,,7653,4,,,0,70,,7637,4,,,0,30,,7646,4,,,0,70,,7656,4,,,0,30,,7639,4,,,0,70,,7651,4,,,0
1001,'Saturday',721,,7770,4,,,0,30,,7771,4,,,0,70,,7772,4,,,0,30,,7773,4,,,0,70,,7774,4,,,0,15,,7776,4,,,0,15,,7775,4,,,0,55,,7777,4,,,0,15,,7761,4,,,0,15,,7769,4,,,0,15,,7746,4,,,0,55,,7753,4,,,0,15,,7734,4,,,0,15,,7762,4,,,0,15,,7743,4,,,0,55,,7747,4,,,0,15,,7754,4,,,0,15,,7735,4,,,0,15,,7763,4,,,0,55,,7758,4,,,0,15,,7748,4,,,0,15,,7755,4,,,0,15,,7736,4,,,0,55,,7764,4,,,0,15,,7757,4,,,0,15,,7749,4,,,0,15,,7742,4,,,0,55,,7737,4,,,0,15,,7765,4,,,0,15,,7744,4,,,0,15,,7750,4,,,0,55,,7741,4,,,0,15,,7738,4,,,0,15,,7766,4,,,0,15,,7759,4,,,0,55,,7751,4,,,0,15,,7756,4,,,0,15,,7739,4,,,0,15,,7767,4,,,0,55,,7760,4,,,0,15,,7752,4,,,0,15,,7745,4,,,0,15,,7740,4,,,0,70,,7768,4,,,0,30,,7728,4,,,0,70,,7732,4,,,0,30,,7730,4,,,0,70,,7729,4,,,0,30,,7733,4,,,0,70,,7731,4,,,0
1001,'Sunday',751,,7802,4,,,0,70,,7819,4,,,0,30,,7820,4,,,0,70,,7818,4,,,0,30,,7800,4,,,0,70,,7805,4,,,0,15,,7804,4,,,0,15,,7806,4,,,0,55,,7807,4,,,0,15,,7808,4,,,0,15,,7809,4,,,0,15,,7810,4,,,0,55,,7811,4,,,0,15,,7812,4,,,0,15,,7813,4,,,0,15,,7814,4,,,0,55,,7815,4,,,0,15,,7816,4,,,0,15,,7817,4,,,0,15,,7803,4,,,0,55,,7801,4,,,0,15,,7795,4,,,0,15,,7778,4,,,0,15,,7788,4,,,0,55,,7790,4,,,0,15,,7793,4,,,0,15,,7783,4,,,0,15,,7797,4,,,0,55,,7787,4,,,0,15,,7791,4,,,0,15,,7779,4,,,0,15,,7784,4,,,0,55,,7798,4,,,0,15,,7786,4,,,0,10,,7792,4,,,0,19,,7785,4,,,0,71,,7781,4,,,0,30,,7796,4,,,0,70,,7780,4,,,0,30,,7789,4,,,0,70,,7799,4,,,0,30,,7782,4,,,0,70,,7794,4,,,0
1001,'Weekday',517,,9657,4,,,0,28,,9658,4,,,0,70,,9659,4,,,0,15,,9692,4,,,0,15,,9660,4,,,0,55,,9693,4,,,0,16,,9661,4,,,0,15,,9694,4,,,0,15,,9662,4,,,0,60,,9695,4,,,0,15,,9663,4,,,0,15,,9696,4,,,0,15,,9664,4,,,0,55,,9697,4,,,0,15,,9665,4,,,0,15,,9698,4,,,0,15,,9666,4,,,0,55,,9699,4,,,0,15,,9667,4,,,0,15,,9700,4,,,0,15,,9668,4,,,0,55,,9701,4,,,0,15,,9669,4,,,0,15,,9702,4,,,0,15,,9670,4,,,0,55,,9703,4,,,0,15,,9671,4,,,0,15,,9704,4,,,0,15,,9672,4,,,0,55,,9705,4,,,0,15,,9673,4,,,0,15,,9706,4,,,0,15,,9674,4,,,0,55,,9707,4,,,0,15,,9675,4,,,0,15,,9708,4,,,0,15,,9676,4,,,0,55,,9709,4,,,0,12,,9677,4,,,0,15,,9710,4,,,0,15,,9678,4,,,0,55,,9711,4,,,0,15,,9679,4,,,0,15,,9712,4,,,0,12,,9680,4,,,0,55,,9713,4,,,0,15,,9681,4,,,0,18,,9714,4,,,0,15,,9682,4,,,0,55,,9715,4,,,0,18,,9683,4,,,0,15,,9716,4,,,0,15,,9684,4,,,0,70,,9685,4,,,0,30,,9686,4,,,0,70,,9687,4,,,0,30,,9688,4,,,0,70,,9689,4,,,0,30,,9690,4,,,0,70,,9691,4,,,0
2500,'Holiday21111111',747,,8522,4,,,0,70,,8534,4,,,0,30,,8523,4,,,0,70,,8535,4,,,0,35,,8524,4,,,0,70,,8536,4,,,0,30,,8525,4,,,0,70,,8537,4,,,0,30,,8526,4,,,0,70,,8538,4,,,0,30,,8527,4,,,0,70,,8539,4,,,0,30,,8528,4,,,0,70,,8540,4,,,0,30,,8529,4,,,0,70,,8541,4,,,0,30,,8530,4,,,0,70,,8542,4,,,0,30,,8531,4,,,0,70,,8543,4,,,0,30,,8532,4,,,0,70,,8544,4,,,0,30,,8533,4,,,0,70,,8545,4,,,0,30,,8546,4,,,0,70,,8547,4,,,0,30,,8548,4,,,0,70,,8549,4,,,0
2500,'Saturday',717,,8593,4,,,0,30,,8592,4,,,0,70,,8594,4,,,0,30,,8591,4,,,0,70,,8595,4,,,0,30,,8590,4,,,0,70,,8596,4,,,0,30,,8589,4,,,0,70,,8597,4,,,0,30,,8588,4,,,0,70,,8598,4,,,0,30,,8587,4,,,0,70,,8599,4,,,0,30,,8586,4,,,0,70,,8600,4,,,0,30,,8585,4,,,0,70,,8601,4,,,0,30,,8584,4,,,0,70,,8602,4,,,0,30,,8583,4,,,0,70,,8603,4,,,0,30,,8582,4,,,0,72,,8604,4,,,0,30,,8581,4,,,0,70,,8605,4,,,0,30,,8580,4,,,0,70,,8606,4,,,0,30,,8608,4,,,0,70,,8607,4,,,0,30,,8609,4,,,0
2500,'Sunday',747,,8610,4,,,0,70,,8622,4,,,0,30,,8611,4,,,0,70,,8623,4,,,0,30,,8612,4,,,0,70,,8624,4,,,0,30,,8613,4,,,0,70,,8625,4,,,0,30,,8614,4,,,0,70,,8626,4,,,0,30,,8615,4,,,0,70,,8627,4,,,0,30,,8616,4,,,0,70,,8628,4,,,0,30,,8617,4,,,0,70,,8629,4,,,0,30,,8618,4,,,0,70,,8630,4,,,0,30,,8619,4,,,0,70,,8631,4,,,0,30,,8620,4,,,0,72,,8632,4,,,0,30,,8621,4,,,0,70,,8633,4,,,0,30,,8634,4,,,0,70,,8635,4,,,0,30,,8636,4,,,0,70,,8637,4,,,0
2500,'Weekday',510,,9904,4,,,0,28,,9905,4,,,0,66,,9906,4,,,0,28,,9907,4,,,0,68,,9908,4,,,0,15,,9909,4,,,0,15,,9910,4,,,0,15,,9911,4,,,0,55,,9912,4,,,0,21,,9913,4,,,0,15,,9914,4,,,0,17,,9915,4,,,0,70,,9916,4,,,0,30,,9917,4,,,0,70,,9918,4,,,0,30,,9919,4,,,0,70,,9920,4,,,0,30,,9921,4,,,0,70,,9922,4,,,0,30,,9923,4,,,0,70,,9924,4,,,0,30,,9925,4,,,0,70,,9926,4,,,0,15,,9927,4,,,0,15,,9928,4,,,0,55,,9929,4,,,0,15,,9930,4,,,0,15,,9931,4,,,0,15,,9932,4,,,0,55,,9933,4,,,0,15,,9934,4,,,0,15,,9935,4,,,0,15,,9936,4,,,0,55,,9937,4,,,0,15,,9938,4,,,0,15,,9939,4,,,0,15,,9940,4,,,0,70,,9941,4,,,0,30,,9942,4,,,0,70,,9943,4,,,0,29,,9944,4,,,0,70,,9945,4,,,0,30,,9946,4,,,0,70,,9947,4,,,0,30,,9948,4,,,0,70,,9949,4,,,0,30,,9950,4,,,0,70,,9951,4,,,0
