100,'Holiday21111111',707,,5648,34,,,0,15,,5649,34,,,0,15,,5650,34,,,0,15,,5651,34,,,0,55,,5652,34,,,0,15,,5653,34,,,0,15,,5654,34,,,0,15,,5655,34,,,0,55,,5656,34,,,0,17,,5657,34,,,0,15,,5658,34,,,0,15,,5659,34,,,0,55,,5615,34,,,0,15,,5627,34,,,0,15,,5611,34,,,0,15,,5616,34,,,0,55,,5641,34,,,0,15,,5637,34,,,0,15,,5628,34,,,0,15,,5635,34,,,0,55,,5617,34,,,0,15,,5642,34,,,0,15,,5623,34,,,0,15,,5629,34,,,0,55,,5638,34,,,0,15,,5618,34,,,0,15,,5643,34,,,0,15,,5634,34,,,0,55,,5639,34,,,0,15,,5630,34,,,0,15,,5622,34,,,0,15,,5619,34,,,0,55,,5644,34,,,0,15,,5624,34,,,0,15,,5613,34,,,0,15,,5631,34,,,0,55,,5610,34,,,0,15,,5620,34,,,0,15,,5645,34,,,0,15,,5636,34,,,0,55,,5625,34,,,0,15,,5632,34,,,0,15,,5612,34,,,0,15,,5621,34,,,0,55,,5646,34,,,0,13,,5614,34,,,0,18,,5647,34,,,0,18,,5633,34,,,0,49,,5626,34,,,0,21,,5640,34,,,0,30,,5607,34,,,0,70,,5605,34,,,0,30,,5606,34,,,0,70,,5608,34,,,0,30,,5609,34,,,0,70,,5660,34,,,0,30,,5661,34,,,0
100,'Saturday',652,,5774,34,,,0,55,,5775,34,,,0,15,,5776,34,,,0,15,,5777,34,,,0,15,,5778,34,,,0,55,,5779,34,,,0,17,,5780,34,,,0,15,,5781,34,,,0,15,,5782,34,,,0,55,,5783,34,,,0,16,,5784,34,,,0,16,,5785,34,,,0,15,,5786,34,,,0,55,,5763,34,,,0,15,,5750,34,,,0,15,,5757,34,,,0,15,,5740,34,,,0,55,,5764,34,,,0,15,,5748,34,,,0,13,,5787,34,,,0,14,,5751,34,,,0,54,,5747,34,,,0,14,,5741,34,,,0,14,,5765,34,,,0,14,,5772,34,,,0,54,,5752,34,,,0,14,,5788,34,,,0,14,,5746,34,,,0,14,,5742,34,,,0,14,,5738,34,,,0,54,,5739,34,,,0,14,,5753,34,,,0,14,,5770,34,,,0,14,,5789,34,,,0,54,,5766,34,,,0,14,,5760,34,,,0,14,,5762,34,,,0,14,,5754,34,,,0,54,,5737,34,,,0,14,,5743,34,,,0,14,,5790,34,,,0,15,,5767,34,,,0,53,,5759,34,,,0,15,,5749,34,,,0,14,,5755,34,,,0,15,,5758,34,,,0,13,,5744,34,,,0,53,,5768,34,,,0,12,,5773,34,,,0,15,,5761,34,,,0,15,,5756,34,,,0,55,,5771,34,,,0,15,,5745,34,,,0,15,,5769,34,,,0,15,,5727,34,,,0,70,,5731,34,,,0,30,,5734,34,,,0,70,,5728,34,,,0,30,,5732,34,,,0,70,,5735,34,,,0,30,,5729,34,,,0,70,,5733,34,,,0,29,,5736,34,,,0,68,,5730,34,,,0,26,,5791,34,,,0
100,'Sunday',652,,5836,34,,,0,55,,5837,34,,,0,15,,5838,34,,,0,15,,5839,34,,,0,15,,5840,34,,,0,55,,5841,34,,,0,17,,5842,34,,,0,15,,5843,34,,,0,15,,5844,34,,,0,55,,5845,34,,,0,16,,5846,34,,,0,16,,5847,34,,,0,15,,5848,34,,,0,55,,5825,34,,,0,15,,5812,34,,,0,15,,5819,34,,,0,15,,5802,34,,,0,55,,5826,34,,,0,15,,5810,34,,,0,13,,5849,34,,,0,14,,5813,34,,,0,54,,5809,34,,,0,14,,5803,34,,,0,14,,5827,34,,,0,14,,5834,34,,,0,54,,5814,34,,,0,14,,5850,34,,,0,14,,5808,34,,,0,14,,5804,34,,,0,14,,5800,34,,,0,54,,5801,34,,,0,14,,5815,34,,,0,14,,5832,34,,,0,14,,5851,34,,,0,54,,5828,34,,,0,14,,5822,34,,,0,14,,5824,34,,,0,14,,5816,34,,,0,54,,5799,34,,,0,14,,5805,34,,,0,14,,5852,34,,,0,15,,5829,34,,,0,53,,5821,34,,,0,15,,5811,34,,,0,14,,5817,34,,,0,15,,5820,34,,,0,13,,5806,34,,,0,53,,5830,34,,,0,12,,5835,34,,,0,15,,5823,34,,,0,15,,5818,34,,,0,55,,5833,34,,,0,15,,5807,34,,,0,18,,5831,34,,,0,18,,5792,34,,,0,70,,5795,34,,,0,30,,5797,34,,,0,70,,5793,34,,,0,30,,5796,34,,,0,70,,5798,34,,,0,30,,5794,34,,,0
100,'Weekday',507,,9120,34,,,0,15,,9121,34,,,0,12,,9122,34,,,0,12,,9123,34,,,0,54,,9124,34,,,0,12,,9125,34,,,0,12,,9126,34,,,0,12,,9127,34,,,0,12,,9112,34,,,0,53,,9113,34,,,0,12,,9116,34,,,0,12,,9128,34,,,0,12,,9117,34,,,0,12,,9118,34,,,0,54,,9114,34,,,0,12,,9119,34,,,0,12,,9115,34,,,0,12,,9057,34,,,0,12,,9050,34,,,0,52,,9077,34,,,0,12,,9053,34,,,0,12,,9065,34,,,0,12,,9049,34,,,0,12,,9054,34,,,0,52,,9052,34,,,0,12,,9056,34,,,0,12,,9051,34,,,0,12,,9064,34,,,0,12,,9055,34,,,0,52,,9058,34,,,0,12,,9070,34,,,0,12,,9059,34,,,0,13,,9063,34,,,0,12,,9071,34,,,0,52,,9076,34,,,0,12,,9069,34,,,0,13,,9075,34,,,0,12,,9068,34,,,0,12,,9060,34,,,0,52,,9061,34,,,0,12,,9072,34,,,0,12,,9073,34,,,0,12,,9062,34,,,0,12,,9074,34,,,0,52,,9067,34,,,0,12,,9131,34,,,0,12,,9066,34,,,0,10,,9109,34,,,0,12,,9110,34,,,0,50,,9111,34,,,0,10,,9108,34,,,0,10,,9096,34,,,0,10,,9129,34,,,0,10,,9097,34,,,0,10,,9098,34,,,0,50,,9099,34,,,0,8,,9100,34,,,0,11,,9101,34,,,0,12,,9086,34,,,0,10,,9088,34,,,0,12,,9080,34,,,0,52,,9087,34,,,0,10,,9082,34,,,0,12,,9089,34,,,0,12,,9092,34,,,0,12,,9090,34,,,0,7,,9094,34,,,0,50,,9085,34,,,0,10,,9095,34,,,0,10,,9081,34,,,0,10,,9083,34,,,0,10,,9084,34,,,0,10,,9093,34,,,0,50,,9091,34,,,0,10,,9107,34,,,0,9,,9102,34,,,0,12,,9106,34,,,0,12,,9103,34,,,0,52,,9105,34,,,0,12,,9104,34,,,0,12,,9130,34,,,0,10,,9032,34,,,0,14,,9033,34,,,0,55,,9034,34,,,0,13,,9035,34,,,0,15,,9036,34,,,0,15,,9037,34,,,0,55,,9038,34,,,0,15,,9039,34,,,0,15,,9046,34,,,0,15,,9040,34,,,0,55,,9047,34,,,0,20,,9041,34,,,0,15,,9044,34,,,0,15,,9042,34,,,0,55,,9045,34,,,0,15,,9043,34,,,0,15,,9079,34,,,0,15,,9048,34,,,0,55,,9078,34,,,0
600,'Holiday21111111',850,,7215,3,,,0,106,,7216,3,,,0,100,,7217,3,,,0,100,,7218,3,,,0,100,,7219,3,,,0,100,,7220,3,,,0,102,,7221,3,,,0,100,,7222,3,,,0,100,,7223,3,,,0,100,,7224,3,,,0,101,,7225,3,,,0,143,,7226,3,,,0
600,'Saturday',750,,7256,3,,,0,100,,7255,3,,,0,106,,7254,3,,,0,100,,7253,3,,,0,100,,7252,3,,,0,100,,7251,3,,,0,100,,7250,3,,,0,100,,7249,3,,,0,100,,7248,3,,,0,100,,7247,3,,,0,100,,7246,3,,,0,100,,7245,3,,,0,100,,7244,3,,,0,100,,7243,3,,,0,100,,7242,3,,,0
600,'Sunday',850,,7257,3,,,0,106,,7258,3,,,0,100,,7259,3,,,0,100,,7260,3,,,0,100,,7261,3,,,0,100,,7262,3,,,0,102,,7263,3,,,0,100,,7264,3,,,0,100,,7265,3,,,0,100,,7266,3,,,0,100,,7267,3,,,0,100,,7268,3,,,0
600,'Weekday',556,,9533,3,,,0,71,,9534,3,,,0,30,,9535,3,,,0,70,,9536,3,,,0,25,,9537,3,,,0,75,,9538,3,,,0,30,,9539,3,,,0,70,,9540,3,,,0,30,,9541,3,,,0,70,,9542,3,,,0,30,,9543,3,,,0,70,,9544,3,,,0,30,,9545,3,,,0,70,,9546,3,,,0,30,,9547,3,,,0,70,,9548,3,,,0,30,,9549,3,,,0,65,,9550,3,,,0,33,,9551,3,,,0,73,,9552,3,,,0,79,,9562,3,,,0,33,,9560,3,,,0,66,,9559,3,,,0,26,,9557,3,,,0,70,,9563,3,,,0,30,,9561,3,,,0,70,,9558,3,,,0,30,,9553,3,,,0,69,,9554,3,,,0,100,,9555,3,,,0,100,,9556,3,,,0
5100,'Saturday',2301,,8870,3,,,0,100,,8869,3,,,0,100,,8868,3,,,0
5100,'Weekday',2311,,10011,3,,,0,90,,10010,3,,,0,100,,10009,3,,,0
8000,'Weekday',554,,10041,3,,,0,71,,10037,3,,,0,32,,10042,3,,,0,70,,10038,3,,,0,30,,10043,3,,,0,70,,10039,3,,,0,31,,10044,3,,,0,70,,10040,3,,,0,74,,10045,3,,,0,30,,10022,3,,,0,70,,10028,3,,,0,30,,10023,3,,,0,25,,10029,3,,,0,70,,10024,3,,,0,30,,10030,3,,,0,70,,10025,3,,,0,30,,10031,3,,,0,70,,10026,3,,,0,29,,10032,3,,,0,71,,10027,3,,,0,31,,10035,3,,,0,63,,10036,3,,,0,27,,10034,3,,,0,74,,10033,3,,,0,29,,10047,3,,,0,71,,10020,3,,,0,34,,10021,3,,,0
8100,'Weekday',538,,10082,3,,,0,70,,10087,3,,,0,31,,10083,3,,,0,70,,10088,3,,,0,30,,10084,3,,,0,73,,10089,3,,,0,33,,10085,3,,,0,72,,10090,3,,,0,30,,10086,3,,,0,70,,10093,3,,,0,30,,10094,3,,,0,70,,10095,3,,,0,25,,10096,3,,,0,70,,10097,3,,,0,30,,10098,3,,,0,70,,10099,3,,,0,30,,10100,3,,,0,67,,10101,3,,,0,30,,10102,3,,,0,70,,10091,3,,,0,29,,10092,3,,,0,66,,10076,3,,,0,29,,10080,3,,,0,71,,10078,3,,,0,34,,10077,3,,,0,72,,10081,3,,,0,30,,10079,3,,,0
