1000,'Holiday21111111',823,,7427,34,,,0,30,,7421,34,,,0,70,,7426,34,,,0,29,,7418,34,,,0,70,,7420,34,,,0,30,,7398,34,,,0,55,,7386,34,,,0,15,,7389,34,,,0,15,,7408,34,,,0,15,,7406,34,,,0,55,,7399,34,,,0,15,,7405,34,,,0,15,,7390,34,,,0,15,,7409,34,,,0,55,,7397,34,,,0,15,,7400,34,,,0,15,,7415,34,,,0,15,,7391,34,,,0,55,,7410,34,,,0,15,,7404,34,,,0,15,,7401,34,,,0,15,,7395,34,,,0,55,,7392,34,,,0,15,,7411,34,,,0,15,,7388,34,,,0,15,,7402,34,,,0,55,,7414,34,,,0,15,,7393,34,,,0,15,,7412,34,,,0,15,,7407,34,,,0,55,,7403,34,,,0,15,,7387,34,,,0,15,,7394,34,,,0,15,,7413,34,,,0,55,,7396,34,,,0,15,,7385,34,,,0,30,,7416,34,,,0,67,,7422,34,,,0,30,,7417,34,,,0,70,,7423,34,,,0,30,,7419,34,,,0,70,,7424,34,,,0,30,,7425,34,,,0
1000,'Saturday',719,,7485,34,,,0,30,,7486,34,,,0,70,,7487,34,,,0,30,,7488,34,,,0,70,,7489,34,,,0,18,,7529,34,,,0,15,,7490,34,,,0,55,,7491,34,,,0,15,,7492,34,,,0,15,,7493,34,,,0,15,,7494,34,,,0,55,,7495,34,,,0,15,,7496,34,,,0,15,,7497,34,,,0,15,,7498,34,,,0,55,,7499,34,,,0,15,,7500,34,,,0,15,,7501,34,,,0,15,,7502,34,,,0,55,,7503,34,,,0,15,,7504,34,,,0,15,,7505,34,,,0,15,,7506,34,,,0,55,,7507,34,,,0,15,,7508,34,,,0,15,,7509,34,,,0,15,,7510,34,,,0,55,,7511,34,,,0,15,,7512,34,,,0,15,,7513,34,,,0,15,,7514,34,,,0,55,,7515,34,,,0,15,,7516,34,,,0,15,,7517,34,,,0,15,,7518,34,,,0,55,,7519,34,,,0,15,,7520,34,,,0,15,,7521,34,,,0,15,,7522,34,,,0,55,,7523,34,,,0,15,,7524,34,,,0,15,,7525,34,,,0,15,,7526,34,,,0,67,,7527,34,,,0,30,,7528,34,,,0,70,,7481,34,,,0,30,,7479,34,,,0,70,,7483,34,,,0,30,,7482,34,,,0,70,,7480,34,,,0,30,,7484,34,,,0
1000,'Sunday',823,,7572,34,,,0,30,,7566,34,,,0,70,,7571,34,,,0,29,,7563,34,,,0,70,,7565,34,,,0,30,,7543,34,,,0,55,,7531,34,,,0,15,,7534,34,,,0,15,,7553,34,,,0,15,,7551,34,,,0,55,,7544,34,,,0,15,,7550,34,,,0,15,,7535,34,,,0,15,,7554,34,,,0,55,,7542,34,,,0,15,,7545,34,,,0,15,,7560,34,,,0,15,,7536,34,,,0,55,,7555,34,,,0,15,,7549,34,,,0,15,,7546,34,,,0,15,,7540,34,,,0,55,,7537,34,,,0,15,,7556,34,,,0,15,,7533,34,,,0,15,,7547,34,,,0,55,,7559,34,,,0,15,,7538,34,,,0,15,,7557,34,,,0,15,,7552,34,,,0,55,,7548,34,,,0,15,,7532,34,,,0,15,,7539,34,,,0,15,,7558,34,,,0,55,,7541,34,,,0,15,,7530,34,,,0,30,,7561,34,,,0,67,,7567,34,,,0,30,,7562,34,,,0,70,,7568,34,,,0,30,,7564,34,,,0,70,,7569,34,,,0,30,,7570,34,,,0
1000,'Weekday',513,,9605,34,,,0,30,,9614,34,,,0,66,,9600,34,,,0,27,,9631,34,,,0,15,,9628,34,,,0,55,,9632,34,,,0,10,,9624,34,,,0,18,,9633,34,,,0,15,,9609,34,,,0,55,,9634,34,,,0,15,,9615,34,,,0,17,,9635,34,,,0,15,,9595,34,,,0,55,,9636,34,,,0,15,,9621,34,,,0,15,,9637,34,,,0,15,,9630,34,,,0,55,,9638,34,,,0,15,,9627,34,,,0,15,,9639,34,,,0,15,,9616,34,,,0,55,,9640,34,,,0,15,,9612,34,,,0,15,,9641,34,,,0,15,,9604,34,,,0,55,,9642,34,,,0,18,,9613,34,,,0,12,,9643,34,,,0,15,,9599,34,,,0,55,,9644,34,,,0,15,,9617,34,,,0,15,,9645,34,,,0,15,,9629,34,,,0,55,,9646,34,,,0,16,,9603,34,,,0,15,,9647,34,,,0,15,,9626,34,,,0,57,,9648,34,,,0,15,,9623,34,,,0,15,,9649,34,,,0,15,,9618,34,,,0,56,,9650,34,,,0,12,,9622,34,,,0,16,,9651,34,,,0,14,,9611,34,,,0,58,,9652,34,,,0,15,,9606,34,,,0,15,,9653,34,,,0,15,,9608,34,,,0,55,,9654,34,,,0,12,,9619,34,,,0,15,,9655,34,,,0,12,,9607,34,,,0,55,,9656,34,,,0,15,,9602,34,,,0,30,,9625,34,,,0,70,,9610,34,,,0,30,,9620,34,,,0,70,,9596,34,,,0,30,,9598,34,,,0,69,,9601,34,,,0,30,,9597,34,,,0
2501,'Holiday21111111',757,,8697,23,,,0,70,,8686,23,,,0,30,,8698,23,,,0,70,,8687,23,,,0,30,,8699,23,,,0,70,,8688,23,,,0,30,,8700,23,,,0,70,,8689,23,,,0,30,,8701,23,,,0,70,,8690,23,,,0,30,,8702,23,,,0,70,,8691,23,,,0,30,,8703,23,,,0,70,,8692,23,,,0,30,,8704,23,,,0,70,,8693,23,,,0,30,,8705,23,,,0,70,,8694,23,,,0,30,,8706,23,,,0,70,,8695,23,,,0,30,,8707,23,,,0,70,,8696,23,,,0,30,,8708,23,,,0,70,,8709,23,,,0,30,,8710,23,,,0,70,,8711,23,,,0,30,,8712,23,,,0,70,,8713,23,,,0
2501,'Saturday',727,,8756,23,,,0,30,,8757,23,,,0,70,,8755,23,,,0,30,,8758,23,,,0,70,,8754,23,,,0,30,,8759,23,,,0,70,,8753,23,,,0,30,,8760,23,,,0,70,,8752,23,,,0,30,,8761,23,,,0,70,,8751,23,,,0,30,,8762,23,,,0,70,,8750,23,,,0,30,,8763,23,,,0,70,,8749,23,,,0,30,,8764,23,,,0,70,,8748,23,,,0,30,,8765,23,,,0,70,,8747,23,,,0,30,,8766,23,,,0,70,,8746,23,,,0,30,,8767,23,,,0,70,,8745,23,,,0,30,,8768,23,,,0,70,,8744,23,,,0,30,,8769,23,,,0,70,,8771,23,,,0,30,,8770,23,,,0,70,,8772,23,,,0,30,,8773,23,,,0
2501,'Sunday',757,,8785,23,,,0,70,,8774,23,,,0,30,,8786,23,,,0,70,,8775,23,,,0,30,,8787,23,,,0,70,,8776,23,,,0,30,,8788,23,,,0,70,,8777,23,,,0,30,,8789,23,,,0,70,,8778,23,,,0,30,,8790,23,,,0,70,,8779,23,,,0,30,,8791,23,,,0,70,,8780,23,,,0,30,,8792,23,,,0,70,,8781,23,,,0,30,,8793,23,,,0,70,,8782,23,,,0,30,,8794,23,,,0,70,,8783,23,,,0,30,,8795,23,,,0,70,,8784,23,,,0,30,,8796,23,,,0,70,,8797,23,,,0,30,,8798,23,,,0,70,,8799,23,,,0,30,,8800,23,,,0,70,,8801,23,,,0
2501,'Weekday',521,,9952,23,,,0,35,,9953,23,,,0,64,,9954,23,,,0,25,,9955,23,,,0,71,,9956,23,,,0,16,,9957,23,,,0,15,,9958,23,,,0,55,,9959,23,,,0,17,,9960,23,,,0,15,,9961,23,,,0,14,,9962,23,,,0,55,,9963,23,,,0,28,,9964,23,,,0,70,,9965,23,,,0,30,,9966,23,,,0,71,,9967,23,,,0,30,,9968,23,,,0,70,,9969,23,,,0,30,,9970,23,,,0,70,,9971,23,,,0,31,,9972,23,,,0,69,,9973,23,,,0,30,,9974,23,,,0,19,,9975,23,,,0,54,,9976,23,,,0,17,,9977,23,,,0,15,,9978,23,,,0,15,,9979,23,,,0,55,,9980,23,,,0,16,,9981,23,,,0,15,,9982,23,,,0,15,,9983,23,,,0,55,,9984,23,,,0,15,,9985,23,,,0,15,,9986,23,,,0,13,,9987,23,,,0,55,,9988,23,,,0,28,,9989,23,,,0,70,,9990,23,,,0,28,,9991,23,,,0,70,,9992,23,,,0,30,,9993,23,,,0,70,,9994,23,,,0,30,,9995,23,,,0,69,,9996,23,,,0,30,,9997,23,,,0,69,,9998,23,,,0,30,,9999,23,,,0
5000,'Saturday',2315,,8854,33,,,0,100,,8853,33,,,0,100,,8855,33,0,8 4 9 10,0
5000,'Weekday',2325,,10005,33,,,0,90,,10004,33,,,0,100,,10006,33,0,8 4 9 10,0
