101,'Holiday21111111',644,,5958,18,,,0,15,,5959,18,,,0,55,,5960,18,,,0,15,,5961,18,,,0,15,,5962,18,,,0,15,,5963,18,,,0,55,,5964,18,,,0,15,,5965,18,,,0,10,,5966,18,,,0,15,,5967,18,,,0,56,,5968,18,,,0,15,,5969,18,,,0,15,,5970,18,,,0,15,,5971,18,,,0,55,,5972,18,,,0,15,,5973,18,,,0,15,,5974,18,,,0,15,,5975,18,,,0,55,,5976,18,,,0,15,,5977,18,,,0,15,,5978,18,,,0,15,,5979,18,,,0,55,,5980,18,,,0,15,,5981,18,,,0,15,,5982,18,,,0,15,,5983,18,,,0,55,,5984,18,,,0,15,,5985,18,,,0,15,,5986,18,,,0,15,,5987,18,,,0,55,,5988,18,,,0,15,,5989,18,,,0,15,,5990,18,,,0,15,,5991,18,,,0,55,,5992,18,,,0,15,,5993,18,,,0,15,,5994,18,,,0,15,,5995,18,,,0,55,,5996,18,,,0,15,,5997,18,,,0,15,,5998,18,,,0,15,,5999,18,,,0,55,,6000,18,,,0,15,,6001,18,,,0,15,,6002,18,,,0,15,,6003,18,,,0,54,,6004,18,,,0,18,,6005,18,,,0,15,,6006,18,,,0,15,,6007,18,,,0,55,,6008,18,,,0,15,,5953,18,,,0,30,,5955,18,,,0,70,,5957,18,,,0,30,,5954,18,,,0,70,,5956,18,,,0,30,,6010,18,,,0,70,,6009,18,,,0
101,'Saturday',644,,6086,18,,,0,15,,6087,18,,,0,55,,6088,18,,,0,10,,6089,18,,,0,15,,6090,18,,,0,15,,6091,18,,,0,55,,6092,18,,,0,15,,6093,18,,,0,15,,6094,18,,,0,15,,6095,18,,,0,56,,6096,18,,,0,15,,6097,18,,,0,15,,6098,18,,,0,15,,6099,18,,,0,55,,6100,18,,,0,14,,6101,18,,,0,11,,6138,18,,,0,14,,6102,18,,,0,54,,6103,18,,,0,14,,6104,18,,,0,14,,6105,18,,,0,14,,6106,18,,,0,14,,6107,18,,,0,54,,6137,18,,,0,14,,6108,18,,,0,14,,6109,18,,,0,14,,6110,18,,,0,54,,6111,18,,,0,13,,6112,18,,,0,14,,6113,18,,,0,14,,6135,18,,,0,54,,6114,18,,,0,14,,6115,18,,,0,14,,6116,18,,,0,14,,6117,18,,,0,54,,6118,18,,,0,14,,6119,18,,,0,14,,6136,18,,,0,14,,6120,18,,,0,14,,6121,18,,,0,54,,6122,18,,,0,14,,6123,18,,,0,14,,6124,18,,,0,14,,6125,18,,,0,54,,6126,18,,,0,15,,6127,18,,,0,15,,6128,18,,,0,15,,6129,18,,,0,55,,6130,18,,,0,17,,6131,18,,,0,18,,6132,18,,,0,15,,6133,18,,,0,55,,6134,18,,,0,15,,6078,18,,,0,30,,6081,18,,,0,70,,6075,18,,,0,30,,6079,18,,,0,69,,6082,18,,,0,30,,6076,18,,,0,70,,6080,18,,,0,30,,6083,18,,,0,70,,6077,18,,,0,30,,6084,18,,,0,69,,6085,18,,,0
101,'Sunday',644,,6146,18,,,0,15,,6147,18,,,0,55,,6148,18,,,0,10,,6149,18,,,0,15,,6150,18,,,0,15,,6151,18,,,0,55,,6152,18,,,0,15,,6153,18,,,0,15,,6154,18,,,0,15,,6155,18,,,0,56,,6156,18,,,0,15,,6157,18,,,0,15,,6158,18,,,0,15,,6159,18,,,0,55,,6160,18,,,0,14,,6161,18,,,0,11,,6198,18,,,0,14,,6162,18,,,0,54,,6163,18,,,0,14,,6164,18,,,0,14,,6165,18,,,0,14,,6166,18,,,0,14,,6167,18,,,0,54,,6197,18,,,0,14,,6168,18,,,0,14,,6169,18,,,0,14,,6170,18,,,0,54,,6171,18,,,0,13,,6172,18,,,0,14,,6173,18,,,0,14,,6195,18,,,0,54,,6174,18,,,0,14,,6175,18,,,0,14,,6176,18,,,0,14,,6177,18,,,0,54,,6178,18,,,0,14,,6179,18,,,0,14,,6196,18,,,0,14,,6180,18,,,0,14,,6181,18,,,0,54,,6182,18,,,0,14,,6183,18,,,0,14,,6184,18,,,0,14,,6185,18,,,0,54,,6186,18,,,0,15,,6187,18,,,0,15,,6188,18,,,0,15,,6189,18,,,0,55,,6190,18,,,0,17,,6191,18,,,0,18,,6192,18,,,0,15,,6193,18,,,0,55,,6194,18,,,0,18,,6141,18,,,0,30,,6144,18,,,0,70,,6139,18,,,0,30,,6142,18,,,0,69,,6145,18,,,0,30,,6140,18,,,0,70,,6143,18,,,0
101,'Weekday',501,,9221,18,,,0,15,,9222,18,,,0,12,,9223,18,,,0,12,,9224,18,,,0,12,,9225,18,,,0,52,,9226,18,,,0,12,,9230,18,,,0,12,,9229,18,,,0,12,,9227,18,,,0,15,,9214,18,,,0,54,,9217,18,,,0,12,,9218,18,,,0,12,,9215,18,,,0,13,,9219,18,,,0,12,,9220,18,,,0,52,,9174,18,,,0,12,,9161,18,,,0,12,,9162,18,,,0,12,,9163,18,,,0,12,,9164,18,,,0,52,,9165,18,,,0,12,,9166,18,,,0,12,,9167,18,,,0,12,,9168,18,,,0,12,,9169,18,,,0,52,,9170,18,,,0,12,,9171,18,,,0,12,,9172,18,,,0,13,,9173,18,,,0,12,,9149,18,,,0,52,,9154,18,,,0,12,,9155,18,,,0,12,,9153,18,,,0,12,,9160,18,,,0,12,,9151,18,,,0,52,,9147,18,,,0,12,,9148,18,,,0,12,,9150,18,,,0,12,,9159,18,,,0,12,,9156,18,,,0,50,,9231,18,,,0,11,,9158,18,,,0,11,,9157,18,,,0,11,,9209,18,,,0,10,,9152,18,,,0,50,,9210,18,,,0,9,,9232,18,,,0,9,,9211,18,,,0,9,,9212,18,,,0,9,,9213,18,,,0,9,,9183,18,,,0,9,,9185,18,,,0,50,,9178,18,,,0,10,,9181,18,,,0,11,,9194,18,,,0,11,,9187,18,,,0,11,,9201,18,,,0,10,,9216,18,,,0,50,,9192,18,,,0,10,,9197,18,,,0,10,,9200,18,,,0,10,,9195,18,,,0,10,,9189,18,,,0,10,,9193,18,,,0,50,,9190,18,,,0,10,,9182,18,,,0,11,,9199,18,,,0,10,,9202,18,,,0,10,,9196,18,,,0,9,,9180,18,,,0,52,,9198,18,,,0,12,,9186,18,,,0,12,,9191,18,,,0,12,,9179,18,,,0,12,,9188,18,,,0,49,,9177,18,,,0,10,,9184,18,,,0,10,,9175,18,,,0,10,,9176,18,,,0,10,,9203,18,,,0,10,,9204,18,,,0,51,,9205,18,,,0,12,,9206,18,,,0,12,,9207,18,,,0,12,,9208,18,,,0,10,,9132,18,,,0,55,,9133,18,,,0,15,,9135,18,,,0,15,,9134,18,,,0,14,,9137,18,,,0,60,,9136,18,,,0,20,,9142,18,,,0,15,,9138,18,,,0,55,,9143,18,,,0,15,,9139,18,,,0,15,,9144,18,,,0,15,,9140,18,,,0,55,,9145,18,,,0,15,,9141,18,,,0,15,,9146,18,,,0,15,,9228,18,,,0
601,'Holiday21111111',835,,7300,32,,,0,100,,7301,32,,,0,113,,7302,32,,,0,100,,7303,32,,,0,100,,7304,32,,,0,100,,7305,32,,,0,104,,7306,32,,,0,100,,7307,32,,,0,100,,7308,32,,,0,100,,7309,32,,,0,100,,7310,32,,,0,100,,7311,32,,,0
601,'Saturday',735,,7341,32,,,0,100,,7340,32,,,0,100,,7339,32,,,0,110,,7338,32,,,0,100,,7337,32,,,0,100,,7336,32,,,0,100,,7335,32,,,0,100,,7334,32,,,0,100,,7333,32,,,0,100,,7332,32,,,0,100,,7331,32,,,0,100,,7330,32,,,0,100,,7329,32,,,0,100,,7328,32,,,0,100,,7327,32,,,0
601,'Sunday',835,,7342,32,,,0,100,,7343,32,,,0,113,,7344,32,,,0,100,,7345,32,,,0,100,,7346,32,,,0,100,,7347,32,,,0,104,,7348,32,,,0,100,,7349,32,,,0,100,,7350,32,,,0,100,,7351,32,,,0,100,,7352,32,,,0,100,,7353,32,,,0
601,'Weekday',544,,9564,32,,,0,101,,9565,32,,,0,70,,9566,32,,,0,32,,9567,32,,,0,74,,9568,32,,,0,30,,9569,32,,,0,69,,9570,32,,,0,30,,9571,32,,,0,65,,9572,32,,,0,30,,9573,32,,,0,70,,9574,32,,,0,30,,9575,32,,,0,71,,9576,32,,,0,30,,9577,32,,,0,70,,9578,32,,,0,30,,9579,32,,,0,70,,9580,32,,,0,34,,9581,32,,,0,69,,9582,32,,,0,33,,9583,32,,,0,80,,9592,32,,,0,76,,9587,32,,,0,32,,9594,32,,,0,62,,9590,32,,,0,24,,9589,32,,,0,25,,9586,32,,,0,70,,9591,32,,,0,28,,9588,32,,,0,100,,9584,32,,,0,100,,9585,32,,,0,100,,9593,32,,,0
5001,'Saturday',2338,,8862,36,,,0,100,,8861,36,,,0
5001,'Weekday',2348,,10008,36,,,0,90,,10007,36,,,0
5101,'Saturday',2344,,8878,32,,,0,95,,8877,32,,,0
5101,'Weekday',2354,,10013,32,,,0,85,,10012,32,,,0
8001,'Weekday',523,,10054,4,,,0,30,,10060,23,,,0,71,,10055,23,,,0,30,,10061,23,,,0,73,,10056,23,,,0,30,,10062,23,,,0,77,,10057,23,,,0,70,,10063,23,,,0,30,,10058,23,,,0,70,,10064,23,,,0,29,,10059,23,,,0,70,,10065,23,,,0,30,,10070,23,,,0,70,,10066,23,,,0,27,,10071,23,,,0,70,,10067,23,,,0,30,,10072,23,,,0,70,,10068,23,,,0,32,,10073,23,,,0,70,,10069,23,,,0,29,,10075,23,,,0,69,,10049,23,,,0,34,,10053,23,,,0,23,,10050,23,,,0,70,,10051,23,,,0,30,,10074,23,,,0,66,,10048,23,,,0,30,,10052,23,,,0
8101,'Weekday',609,,10108,42,,,0,32,,10113,42,,,0,70,,10109,42,,,0,34,,10114,42,,,0,70,,10110,42,,,0,39,,10115,42,,,0,66,,10111,42,,,0,30,,10116,42,,,0,68,,10112,42,,,0,30,,10119,42,,,0,70,,10120,42,,,0,30,,10121,42,,,0,72,,10122,42,,,0,26,,10123,42,,,0,70,,10124,42,,,0,30,,10125,42,,,0,71,,10126,42,,,0,30,,10127,42,,,0,73,,10128,42,,,0,30,,10117,42,,,0,60,,10131,42,,,0,15,,10129,42,,,0,31,,10118,42,,,0,69,,10106,42,,,0,28,,10104,42,,,0,66,,10105,42,,,0,28,,10130,42,,,0,68,,10107,42,,,0
