100,'Holiday21111111',707,,5648,33,,,0,15,,5649,33,,,0,15,,5650,33,,,0,15,,5651,33,,,0,55,,5652,33,,,0,15,,5653,33,,,0,15,,5654,33,,,0,15,,5655,33,,,0,55,,5656,33,,,0,17,,5657,33,,,0,15,,5658,33,,,0,15,,5659,33,,,0,55,,5615,33,,,0,15,,5627,33,,,0,15,,5611,33,,,0,15,,5616,33,,,0,55,,5641,33,,,0,15,,5637,33,,,0,15,,5628,33,,,0,15,,5635,33,,,0,55,,5617,33,,,0,15,,5642,33,,,0,15,,5623,33,,,0,15,,5629,33,,,0,55,,5638,33,,,0,15,,5618,33,,,0,15,,5643,33,,,0,15,,5634,33,,,0,55,,5639,33,,,0,15,,5630,33,,,0,15,,5622,33,,,0,15,,5619,33,,,0,55,,5644,33,,,0,15,,5624,33,,,0,15,,5613,33,,,0,15,,5631,33,,,0,55,,5610,33,,,0,15,,5620,33,,,0,15,,5645,33,,,0,15,,5636,33,,,0,55,,5625,33,,,0,15,,5632,33,,,0,15,,5612,33,,,0,15,,5621,33,,,0,55,,5646,33,,,0,13,,5614,33,,,0,18,,5647,33,,,0,18,,5633,33,,,0,49,,5626,33,,,0,21,,5640,33,,,0,30,,5607,33,,,0,70,,5605,33,,,0,30,,5606,33,,,0,70,,5608,33,,,0,30,,5609,33,,,0,70,,5660,33,,,0,30,,5661,33,,,0
100,'Saturday',652,,5774,33,,,0,55,,5775,33,,,0,15,,5776,33,,,0,15,,5777,33,,,0,15,,5778,33,,,0,55,,5779,33,,,0,17,,5780,33,,,0,15,,5781,33,,,0,15,,5782,33,,,0,55,,5783,33,,,0,16,,5784,33,,,0,16,,5785,33,,,0,15,,5786,33,,,0,55,,5763,33,,,0,15,,5750,33,,,0,15,,5757,33,,,0,15,,5740,33,,,0,55,,5764,33,,,0,15,,5748,33,,,0,13,,5787,33,,,0,14,,5751,33,,,0,54,,5747,33,,,0,14,,5741,33,,,0,14,,5765,33,,,0,14,,5772,33,,,0,54,,5752,33,,,0,14,,5788,33,,,0,14,,5746,33,,,0,14,,5742,33,,,0,14,,5738,33,,,0,54,,5739,33,,,0,14,,5753,33,,,0,14,,5770,33,,,0,14,,5789,33,,,0,54,,5766,33,,,0,14,,5760,33,,,0,14,,5762,33,,,0,14,,5754,33,,,0,54,,5737,33,,,0,14,,5743,33,,,0,14,,5790,33,,,0,15,,5767,33,,,0,53,,5759,33,,,0,15,,5749,33,,,0,14,,5755,33,,,0,15,,5758,33,,,0,13,,5744,33,,,0,53,,5768,33,,,0,12,,5773,33,,,0,15,,5761,33,,,0,15,,5756,33,,,0,55,,5771,33,,,0,15,,5745,33,,,0,15,,5769,33,,,0,15,,5727,33,,,0,70,,5731,33,,,0,30,,5734,33,,,0,70,,5728,33,,,0,30,,5732,33,,,0,70,,5735,33,,,0,30,,5729,33,,,0,70,,5733,33,,,0,29,,5736,33,,,0,68,,5730,33,,,0,26,,5791,33,,,0
100,'Sunday',652,,5836,33,,,0,55,,5837,33,,,0,15,,5838,33,,,0,15,,5839,33,,,0,15,,5840,33,,,0,55,,5841,33,,,0,17,,5842,33,,,0,15,,5843,33,,,0,15,,5844,33,,,0,55,,5845,33,,,0,16,,5846,33,,,0,16,,5847,33,,,0,15,,5848,33,,,0,55,,5825,33,,,0,15,,5812,33,,,0,15,,5819,33,,,0,15,,5802,33,,,0,55,,5826,33,,,0,15,,5810,33,,,0,13,,5849,33,,,0,14,,5813,33,,,0,54,,5809,33,,,0,14,,5803,33,,,0,14,,5827,33,,,0,14,,5834,33,,,0,54,,5814,33,,,0,14,,5850,33,,,0,14,,5808,33,,,0,14,,5804,33,,,0,14,,5800,33,,,0,54,,5801,33,,,0,14,,5815,33,,,0,14,,5832,33,,,0,14,,5851,33,,,0,54,,5828,33,,,0,14,,5822,33,,,0,14,,5824,33,,,0,14,,5816,33,,,0,54,,5799,33,,,0,14,,5805,33,,,0,14,,5852,33,,,0,15,,5829,33,,,0,53,,5821,33,,,0,15,,5811,33,,,0,14,,5817,33,,,0,15,,5820,33,,,0,13,,5806,33,,,0,53,,5830,33,,,0,12,,5835,33,,,0,15,,5823,33,,,0,15,,5818,33,,,0,55,,5833,33,,,0,15,,5807,33,,,0,18,,5831,33,,,0,18,,5792,33,,,0,70,,5795,33,,,0,30,,5797,33,,,0,70,,5793,33,,,0,30,,5796,33,,,0,70,,5798,33,,,0,30,,5794,33,,,0
100,'Weekday',507,,9120,33,,,0,15,,9121,33,,,0,12,,9122,33,,,0,12,,9123,33,,,0,54,,9124,33,,,0,12,,9125,33,,,0,12,,9126,33,,,0,12,,9127,33,,,0,12,,9112,33,,,0,53,,9113,33,,,0,12,,9116,33,,,0,12,,9128,33,,,0,12,,9117,33,,,0,12,,9118,33,,,0,54,,9114,33,,,0,12,,9119,33,,,0,12,,9115,33,,,0,12,,9057,33,,,0,12,,9050,33,,,0,52,,9077,33,,,0,12,,9053,33,,,0,12,,9065,33,,,0,12,,9049,33,,,0,12,,9054,33,,,0,52,,9052,33,,,0,12,,9056,33,,,0,12,,9051,33,,,0,12,,9064,33,,,0,12,,9055,33,,,0,52,,9058,33,,,0,12,,9070,33,,,0,12,,9059,33,,,0,13,,9063,33,,,0,12,,9071,33,,,0,52,,9076,33,,,0,12,,9069,33,,,0,13,,9075,33,,,0,12,,9068,33,,,0,12,,9060,33,,,0,52,,9061,33,,,0,12,,9072,33,,,0,12,,9073,33,,,0,12,,9062,33,,,0,12,,9074,33,,,0,52,,9067,33,,,0,12,,9131,33,,,0,12,,9066,33,,,0,10,,9109,33,,,0,12,,9110,33,,,0,50,,9111,33,,,0,10,,9108,33,,,0,10,,9096,33,,,0,10,,9129,33,,,0,10,,9097,33,,,0,10,,9098,33,,,0,50,,9099,33,,,0,8,,9100,33,,,0,11,,9101,33,,,0,12,,9086,33,,,0,10,,9088,33,,,0,12,,9080,33,,,0,52,,9087,33,,,0,10,,9082,33,,,0,12,,9089,33,,,0,12,,9092,33,,,0,12,,9090,33,,,0,7,,9094,33,,,0,50,,9085,33,,,0,10,,9095,33,,,0,10,,9081,33,,,0,10,,9083,33,,,0,10,,9084,33,,,0,10,,9093,33,,,0,50,,9091,33,,,0,10,,9107,33,,,0,9,,9102,33,,,0,12,,9106,33,,,0,12,,9103,33,,,0,52,,9105,33,,,0,12,,9104,33,,,0,12,,9130,33,,,0,10,,9032,33,,,0,14,,9033,33,,,0,55,,9034,33,,,0,13,,9035,33,,,0,15,,9036,33,,,0,15,,9037,33,,,0,55,,9038,33,,,0,15,,9039,33,,,0,15,,9046,33,,,0,15,,9040,33,,,0,55,,9047,33,,,0,20,,9041,33,,,0,15,,9044,33,,,0,15,,9042,33,,,0,55,,9045,33,,,0,15,,9043,33,,,0,15,,9079,33,,,0,15,,9048,33,,,0,55,,9078,33,,,0
600,'Holiday21111111',849,,7215,2,,,0,106,,7216,2,,,0,100,,7217,2,,,0,100,,7218,2,,,0,100,,7219,2,,,0,100,,7220,2,,,0,102,,7221,2,,,0,100,,7222,2,,,0,100,,7223,2,,,0,100,,7224,2,,,0,101,,7225,2,,,0,143,,7226,2,,,0
600,'Saturday',749,,7256,2,,,0,100,,7255,2,,,0,106,,7254,2,,,0,100,,7253,2,,,0,100,,7252,2,,,0,100,,7251,2,,,0,100,,7250,2,,,0,100,,7249,2,,,0,100,,7248,2,,,0,100,,7247,2,,,0,100,,7246,2,,,0,100,,7245,2,,,0,100,,7244,2,,,0,100,,7243,2,,,0,100,,7242,2,,,0
600,'Sunday',849,,7257,2,,,0,106,,7258,2,,,0,100,,7259,2,,,0,100,,7260,2,,,0,100,,7261,2,,,0,100,,7262,2,,,0,102,,7263,2,,,0,100,,7264,2,,,0,100,,7265,2,,,0,100,,7266,2,,,0,100,,7267,2,,,0,100,,7268,2,,,0
600,'Weekday',556,,9533,2,,,0,70,,9534,2,,,0,30,,9535,2,,,0,70,,9536,2,,,0,26,,9537,2,,,0,75,,9538,2,,,0,30,,9539,2,,,0,69,,9540,2,,,0,30,,9541,2,,,0,70,,9542,2,,,0,30,,9543,2,,,0,70,,9544,2,,,0,30,,9545,2,,,0,70,,9546,2,,,0,30,,9547,2,,,0,70,,9548,2,,,0,30,,9549,2,,,0,66,,9550,2,,,0,33,,9551,2,,,0,73,,9552,2,,,0,79,,9562,2,,,0,33,,9560,2,,,0,66,,9559,2,,,0,26,,9557,2,,,0,70,,9563,2,,,0,29,,9561,2,,,0,70,,9558,2,,,0,30,,9553,2,,,0,70,,9554,2,,,0,100,,9555,2,,,0,100,,9556,2,,,0
5100,'Saturday',2301,,8870,2,,,0,100,,8869,2,,,0,100,,8868,2,,,0
5100,'Weekday',2311,,10011,2,,,0,90,,10010,2,,,0,100,,10009,2,,,0
8000,'Weekday',554,,10041,2,,,0,70,,10037,2,,,0,32,,10042,2,,,0,70,,10038,2,,,0,30,,10043,2,,,0,70,,10039,2,,,0,31,,10044,2,,,0,70,,10040,2,,,0,74,,10045,2,,,0,30,,10022,2,,,0,70,,10028,2,,,0,30,,10023,2,,,0,25,,10029,2,,,0,70,,10024,2,,,0,30,,10030,2,,,0,70,,10025,2,,,0,30,,10031,2,,,0,71,,10026,2,,,0,28,,10032,2,,,0,71,,10027,2,,,0,31,,10035,2,,,0,63,,10036,2,,,0,27,,10034,2,,,0,74,,10033,2,,,0,29,,10047,2,,,0,71,,10020,2,,,0,34,,10021,2,,,0
8100,'Weekday',538,,10082,2,,,0,70,,10087,2,,,0,31,,10083,2,,,0,70,,10088,2,,,0,30,,10084,2,,,0,73,,10089,2,,,0,33,,10085,2,,,0,72,,10090,2,,,0,30,,10086,2,,,0,70,,10093,2,,,0,30,,10094,2,,,0,70,,10095,2,,,0,25,,10096,2,,,0,70,,10097,2,,,0,30,,10098,2,,,0,70,,10099,2,,,0,30,,10100,2,,,0,67,,10101,2,,,0,30,,10102,2,,,0,70,,10091,2,,,0,29,,10092,2,,,0,66,,10076,2,,,0,29,,10080,2,,,0,71,,10078,2,,,0,34,,10077,2,,,0,72,,10081,2,,,0,30,,10079,2,,,0
