101,'Holiday21111111',644,,5958,17,,,0,15,,5959,17,,,0,55,,5960,17,,,0,15,,5961,17,,,0,15,,5962,17,,,0,15,,5963,17,,,0,55,,5964,17,,,0,15,,5965,17,,,0,10,,5966,17,,,0,15,,5967,17,,,0,56,,5968,17,,,0,15,,5969,17,,,0,15,,5970,17,,,0,15,,5971,17,,,0,55,,5972,17,,,0,15,,5973,17,,,0,15,,5974,17,,,0,15,,5975,17,,,0,55,,5976,17,,,0,15,,5977,17,,,0,15,,5978,17,,,0,15,,5979,17,,,0,55,,5980,17,,,0,15,,5981,17,,,0,15,,5982,17,,,0,15,,5983,17,,,0,55,,5984,17,,,0,15,,5985,17,,,0,15,,5986,17,,,0,15,,5987,17,,,0,55,,5988,17,,,0,15,,5989,17,,,0,15,,5990,17,,,0,15,,5991,17,,,0,55,,5992,17,,,0,15,,5993,17,,,0,15,,5994,17,,,0,15,,5995,17,,,0,55,,5996,17,,,0,15,,5997,17,,,0,15,,5998,17,,,0,15,,5999,17,,,0,55,,6000,17,,,0,15,,6001,17,,,0,15,,6002,17,,,0,15,,6003,17,,,0,54,,6004,17,,,0,18,,6005,17,,,0,15,,6006,17,,,0,15,,6007,17,,,0,55,,6008,17,,,0,15,,5953,17,,,0,30,,5955,17,,,0,70,,5957,17,,,0,30,,5954,17,,,0,70,,5956,17,,,0,30,,6010,17,,,0,70,,6009,17,,,0
101,'Saturday',644,,6086,17,,,0,15,,6087,17,,,0,55,,6088,17,,,0,10,,6089,17,,,0,15,,6090,17,,,0,15,,6091,17,,,0,55,,6092,17,,,0,15,,6093,17,,,0,15,,6094,17,,,0,15,,6095,17,,,0,56,,6096,17,,,0,15,,6097,17,,,0,15,,6098,17,,,0,15,,6099,17,,,0,55,,6100,17,,,0,14,,6101,17,,,0,11,,6138,17,,,0,14,,6102,17,,,0,54,,6103,17,,,0,14,,6104,17,,,0,14,,6105,17,,,0,14,,6106,17,,,0,14,,6107,17,,,0,54,,6137,17,,,0,14,,6108,17,,,0,14,,6109,17,,,0,14,,6110,17,,,0,54,,6111,17,,,0,13,,6112,17,,,0,14,,6113,17,,,0,14,,6135,17,,,0,54,,6114,17,,,0,14,,6115,17,,,0,14,,6116,17,,,0,14,,6117,17,,,0,54,,6118,17,,,0,14,,6119,17,,,0,14,,6136,17,,,0,14,,6120,17,,,0,14,,6121,17,,,0,54,,6122,17,,,0,14,,6123,17,,,0,14,,6124,17,,,0,14,,6125,17,,,0,54,,6126,17,,,0,15,,6127,17,,,0,15,,6128,17,,,0,15,,6129,17,,,0,55,,6130,17,,,0,17,,6131,17,,,0,18,,6132,17,,,0,15,,6133,17,,,0,55,,6134,17,,,0,15,,6078,17,,,0,30,,6081,17,,,0,70,,6075,17,,,0,30,,6079,17,,,0,69,,6082,17,,,0,30,,6076,17,,,0,70,,6080,17,,,0,30,,6083,17,,,0,70,,6077,17,,,0,30,,6084,17,,,0,69,,6085,17,,,0
101,'Sunday',644,,6146,17,,,0,15,,6147,17,,,0,55,,6148,17,,,0,10,,6149,17,,,0,15,,6150,17,,,0,15,,6151,17,,,0,55,,6152,17,,,0,15,,6153,17,,,0,15,,6154,17,,,0,15,,6155,17,,,0,56,,6156,17,,,0,15,,6157,17,,,0,15,,6158,17,,,0,15,,6159,17,,,0,55,,6160,17,,,0,14,,6161,17,,,0,11,,6198,17,,,0,14,,6162,17,,,0,54,,6163,17,,,0,14,,6164,17,,,0,14,,6165,17,,,0,14,,6166,17,,,0,14,,6167,17,,,0,54,,6197,17,,,0,14,,6168,17,,,0,14,,6169,17,,,0,14,,6170,17,,,0,54,,6171,17,,,0,13,,6172,17,,,0,14,,6173,17,,,0,14,,6195,17,,,0,54,,6174,17,,,0,14,,6175,17,,,0,14,,6176,17,,,0,14,,6177,17,,,0,54,,6178,17,,,0,14,,6179,17,,,0,14,,6196,17,,,0,14,,6180,17,,,0,14,,6181,17,,,0,54,,6182,17,,,0,14,,6183,17,,,0,14,,6184,17,,,0,14,,6185,17,,,0,54,,6186,17,,,0,15,,6187,17,,,0,15,,6188,17,,,0,15,,6189,17,,,0,55,,6190,17,,,0,17,,6191,17,,,0,18,,6192,17,,,0,15,,6193,17,,,0,55,,6194,17,,,0,18,,6141,17,,,0,30,,6144,17,,,0,70,,6139,17,,,0,30,,6142,17,,,0,69,,6145,17,,,0,30,,6140,17,,,0,70,,6143,17,,,0
101,'Weekday',501,,9221,17,,,0,15,,9222,17,,,0,12,,9223,17,,,0,12,,9224,17,,,0,12,,9225,17,,,0,52,,9226,17,,,0,12,,9230,17,,,0,12,,9229,17,,,0,12,,9227,17,,,0,15,,9214,17,,,0,54,,9217,17,,,0,12,,9218,17,,,0,12,,9215,17,,,0,13,,9219,17,,,0,12,,9220,17,,,0,52,,9174,17,,,0,12,,9161,17,,,0,12,,9162,17,,,0,12,,9163,17,,,0,12,,9164,17,,,0,52,,9165,17,,,0,12,,9166,17,,,0,12,,9167,17,,,0,12,,9168,17,,,0,12,,9169,17,,,0,52,,9170,17,,,0,12,,9171,17,,,0,12,,9172,17,,,0,13,,9173,17,,,0,12,,9149,17,,,0,52,,9154,17,,,0,12,,9155,17,,,0,12,,9153,17,,,0,12,,9160,17,,,0,12,,9151,17,,,0,52,,9147,17,,,0,12,,9148,17,,,0,12,,9150,17,,,0,12,,9159,17,,,0,12,,9156,17,,,0,50,,9231,17,,,0,10,,9158,17,,,0,11,,9157,17,,,0,11,,9209,17,,,0,10,,9152,17,,,0,50,,9210,17,,,0,9,,9232,17,,,0,9,,9211,17,,,0,9,,9212,17,,,0,9,,9213,17,,,0,9,,9183,17,,,0,9,,9185,17,,,0,50,,9178,17,,,0,10,,9181,17,,,0,11,,9194,17,,,0,11,,9187,17,,,0,11,,9201,17,,,0,10,,9216,17,,,0,50,,9192,17,,,0,10,,9197,17,,,0,10,,9200,17,,,0,10,,9195,17,,,0,10,,9189,17,,,0,10,,9193,17,,,0,50,,9190,17,,,0,10,,9182,17,,,0,11,,9199,17,,,0,10,,9202,17,,,0,10,,9196,17,,,0,9,,9180,17,,,0,52,,9198,17,,,0,12,,9186,17,,,0,12,,9191,17,,,0,12,,9179,17,,,0,12,,9188,17,,,0,50,,9177,17,,,0,10,,9184,17,,,0,10,,9175,17,,,0,10,,9176,17,,,0,10,,9203,17,,,0,10,,9204,17,,,0,51,,9205,17,,,0,12,,9206,17,,,0,12,,9207,17,,,0,12,,9208,17,,,0,10,,9132,17,,,0,55,,9133,17,,,0,15,,9135,17,,,0,15,,9134,17,,,0,14,,9137,17,,,0,60,,9136,17,,,0,20,,9142,17,,,0,15,,9138,17,,,0,55,,9143,17,,,0,15,,9139,17,,,0,15,,9144,17,,,0,15,,9140,17,,,0,55,,9145,17,,,0,15,,9141,17,,,0,15,,9146,17,,,0,15,,9228,17,,,0
601,'Holiday21111111',835,,7300,31,,,0,100,,7301,31,,,0,113,,7302,31,,,0,100,,7303,31,,,0,100,,7304,31,,,0,100,,7305,31,,,0,104,,7306,31,,,0,100,,7307,31,,,0,100,,7308,31,,,0,100,,7309,31,,,0,100,,7310,31,,,0,100,,7311,31,,,0
601,'Saturday',735,,7341,31,,,0,100,,7340,31,,,0,100,,7339,31,,,0,110,,7338,31,,,0,100,,7337,31,,,0,100,,7336,31,,,0,100,,7335,31,,,0,100,,7334,31,,,0,100,,7333,31,,,0,100,,7332,31,,,0,100,,7331,31,,,0,100,,7330,31,,,0,100,,7329,31,,,0,100,,7328,31,,,0,100,,7327,31,,,0
601,'Sunday',835,,7342,31,,,0,100,,7343,31,,,0,113,,7344,31,,,0,100,,7345,31,,,0,100,,7346,31,,,0,100,,7347,31,,,0,104,,7348,31,,,0,100,,7349,31,,,0,100,,7350,31,,,0,100,,7351,31,,,0,100,,7352,31,,,0,100,,7353,31,,,0
601,'Weekday',543,,9564,31,,,0,101,,9565,31,,,0,70,,9566,31,,,0,32,,9567,31,,,0,74,,9568,31,,,0,30,,9569,31,,,0,69,,9570,31,,,0,30,,9571,31,,,0,65,,9572,31,,,0,30,,9573,31,,,0,70,,9574,31,,,0,30,,9575,31,,,0,71,,9576,31,,,0,30,,9577,31,,,0,70,,9578,31,,,0,30,,9579,31,,,0,70,,9580,31,,,0,34,,9581,31,,,0,69,,9582,31,,,0,33,,9583,31,,,0,80,,9592,31,,,0,76,,9587,31,,,0,32,,9594,31,,,0,63,,9590,31,,,0,24,,9589,31,,,0,25,,9586,31,,,0,70,,9591,31,,,0,28,,9588,31,,,0,100,,9584,31,,,0,100,,9585,31,,,0,100,,9593,31,,,0
5001,'Saturday',2338,,8862,35,,,0,100,,8861,35,,,0
5001,'Weekday',2348,,10008,35,,,0,90,,10007,35,,,0
5101,'Saturday',2343,,8878,31,,,0,96,,8877,31,,,0
5101,'Weekday',2353,,10013,31,,,0,86,,10012,31,,,0
8001,'Weekday',523,,10054,3,,,0,30,,10060,22,,,0,71,,10055,22,,,0,30,,10061,22,,,0,73,,10056,22,,,0,30,,10062,22,,,0,76,,10057,22,,,0,70,,10063,22,,,0,30,,10058,22,,,0,70,,10064,22,,,0,30,,10059,22,,,0,70,,10065,22,,,0,30,,10070,22,,,0,70,,10066,22,,,0,26,,10071,22,,,0,30,,10067,22,,,0,70,,10072,22,,,0,30,,10068,22,,,0,73,,10073,22,,,0,70,,10069,22,,,0,29,,10075,22,,,0,69,,10049,22,,,0,33,,10053,22,,,0,23,,10050,22,,,0,70,,10051,22,,,0,30,,10074,22,,,0,67,,10048,22,,,0,30,,10052,22,,,0
8101,'Weekday',609,,10108,41,,,0,32,,10113,41,,,0,70,,10109,41,,,0,34,,10114,41,,,0,70,,10110,41,,,0,39,,10115,41,,,0,66,,10111,41,,,0,30,,10116,41,,,0,68,,10112,41,,,0,30,,10119,41,,,0,70,,10120,41,,,0,30,,10121,41,,,0,71,,10122,41,,,0,26,,10123,41,,,0,70,,10124,41,,,0,30,,10125,41,,,0,71,,10126,41,,,0,30,,10127,41,,,0,74,,10128,41,,,0,30,,10117,41,,,0,60,,10131,41,,,0,15,,10129,41,,,0,30,,10118,41,,,0,70,,10106,41,,,0,28,,10104,41,,,0,65,,10105,41,,,0,28,,10130,41,,,0,69,,10107,41,,,0
