201,'Holiday21111111',801,,6496,37,4,,0,100,,6497,37,4,,0,30,,6520,37,4,,0,70,,6498,37,4,,0,31,,6509,37,4,,0,70,,6499,37,4,,0,30,,6510,37,4,,0,70,,6500,37,4,,0,30,,6511,37,4,,0,70,,6501,37,4,,0,30,,6512,37,4,,0,70,,6502,37,4,,0,30,,6513,37,4,,0,70,,6503,37,4,,0,30,,6514,37,4,,0,70,,6504,37,4,,0,30,,6515,37,4,,0,70,,6505,37,4,,0,30,,6516,37,4,,0,70,,6506,37,4,,0,31,,6517,37,4,,0,70,,6507,37,4,,0,30,,6518,37,4,,0,73,,6508,37,4,,0,30,,6519,37,4,,0,70,,6522,37,4,,0,30,,6523,37,4,,0,70,,6521,37,4,,0
201,'Saturday',701,,6562,37,4,,0,100,,6563,37,4,,0,100,,6564,37,4,,0,30,,6592,37,4,,0,70,,6565,37,4,,0,31,,6579,37,4,,0,20,,6566,37,4,,0,60,,6593,37,4,,0,20,,6580,37,4,,0,20,,6567,37,4,,0,60,,6594,37,4,,0,25,,6581,37,4,,0,20,,6568,37,4,,0,60,,6595,37,4,,0,20,,6582,37,4,,0,20,,6569,37,4,,0,60,,6596,37,4,,0,20,,6583,37,4,,0,20,,6570,37,4,,0,65,,6597,37,4,,0,20,,6584,37,4,,0,60,,6571,37,4,,0,20,,6598,37,4,,0,20,,6585,37,4,,0,60,,6572,37,4,,0,20,,6599,37,4,,0,20,,6586,37,4,,0,60,,6573,37,4,,0,29,,6587,37,4,,0,70,,6574,37,4,,0,30,,6588,37,4,,0,70,,6575,37,4,,0,30,,6589,37,4,,0,70,,6576,37,4,,0,30,,6590,37,4,,0,70,,6577,37,4,,0,30,,6591,37,4,,0
201,'Sunday',801,,6600,37,4,,0,100,,6601,37,4,,0,30,,6624,37,4,,0,70,,6602,37,4,,0,31,,6613,37,4,,0,20,,6603,37,4,,0,60,,6633,37,4,,0,20,,6614,37,4,,0,20,,6604,37,4,,0,60,,6634,37,4,,0,25,,6615,37,4,,0,20,,6605,37,4,,0,60,,6632,37,4,,0,20,,6616,37,4,,0,20,,6606,37,4,,0,60,,6630,37,4,,0,20,,6617,37,4,,0,20,,6607,37,4,,0,65,,6628,37,4,,0,20,,6618,37,4,,0,60,,6608,37,4,,0,20,,6629,37,4,,0,20,,6619,37,4,,0,60,,6609,37,4,,0,20,,6631,37,4,,0,20,,6620,37,4,,0,60,,6610,37,4,,0,29,,6621,37,4,,0,70,,6611,37,4,,0,30,,6622,37,4,,0,70,,6612,37,4,,0,30,,6623,37,4,,0,70,,6625,37,4,,0,30,,6626,37,4,,0,70,,6627,37,4,,0
201,'Weekday',529,,9319,37,4,,0,27,,9320,37,4,,0,70,,9321,37,4,,0,15,,9322,37,4,,0,15,,9296,37,4,,0,55,,9323,37,4,,0,13,,9324,37,4,,0,18,,9297,37,4,,0,15,,9325,37,4,,0,55,,9298,37,4,,0,15,,9299,37,4,,0,15,,9326,37,4,,0,15,,9327,37,4,,0,55,,9328,37,4,,0,15,,9300,37,4,,0,15,,9329,37,4,,0,17,,9301,37,4,,0,60,,9330,37,4,,0,15,,9331,37,4,,0,15,,9332,37,4,,0,55,,9333,37,4,,0,15,,9302,37,4,,0,16,,9334,37,4,,0,15,,9335,37,4,,0,55,,9303,37,4,,0,15,,9336,37,4,,0,15,,9337,37,4,,0,15,,9304,37,4,,0,55,,9338,37,4,,0,15,,9305,37,4,,0,15,,9339,37,4,,0,15,,9306,37,4,,0,55,,9307,37,4,,0,15,,9340,37,4,,0,15,,9341,37,4,,0,15,,9308,37,4,,0,55,,9342,37,4,,0,15,,9343,37,4,,0,16,,9344,37,4,,0,15,,9345,37,4,,0,55,,9309,37,4,,0,15,,9346,37,4,,0,15,,9310,37,4,,0,15,,9347,37,4,,0,55,,9311,37,4,,0,15,,9348,37,4,,0,15,,9349,37,4,,0,15,,9350,37,4,,0,55,,9351,37,4,,0,15,,9352,37,4,,0,13,,9312,37,4,,0,17,,9353,37,4,,0,56,,9313,37,4,,0,28,,9315,37,4,,0,70,,9317,37,4,,0,30,,9354,37,4,,0,70,,9316,37,4,,0,30,,9314,37,4,,0,70,,9318,37,4,,0,29,,9355,37,4,,0,70,,9295,37,4,,0
300,'Holiday21111111',803,,6696,1,,,0,100,,6697,1,,,0,30,,6709,1,,,0,70,,6698,1,,,0,30,,6710,1,,,0,70,,6699,1,,,0,30,,6711,1,,,0,70,,6700,1,,,0,30,,6712,1,,,0,70,,6701,1,,,0,30,,6713,1,,,0,70,,6702,1,,,0,30,,6714,1,,,0,70,,6703,1,,,0,30,,6715,1,,,0,70,,6704,1,,,0,30,,6716,1,,,0,70,,6705,1,,,0,30,,6717,1,,,0,70,,6706,1,,,0,32,,6718,1,,,0,71,,6707,1,,,0,29,,6719,1,,,0,73,,6708,1,,,0,30,,6720,1,,,0,70,,6721,1,,,0
300,'Saturday',703,,6757,1,,,0,100,,6758,1,,,0,100,,6759,1,,,0,30,,6773,1,,,0,70,,6760,1,,,0,30,,6774,1,,,0,20,,6761,1,,,0,60,,6786,1,,,0,20,,6775,1,,,0,20,,6762,1,,,0,60,,6787,1,,,0,25,,6776,1,,,0,20,,6763,1,,,0,60,,6788,1,,,0,20,,6777,1,,,0,20,,6764,1,,,0,60,,6789,1,,,0,20,,6778,1,,,0,20,,6765,1,,,0,65,,6790,1,,,0,20,,6779,1,,,0,60,,6766,1,,,0,20,,6791,1,,,0,20,,6780,1,,,0,60,,6767,1,,,0,30,,6781,1,,,0,70,,6768,1,,,0,30,,6782,1,,,0,70,,6769,1,,,0,30,,6783,1,,,0,70,,6770,1,,,0,30,,6784,1,,,0,70,,6771,1,,,0,30,,6785,1,,,0,70,,6772,1,,,0
300,'Sunday',803,,6792,1,,,0,100,,6793,1,,,0,30,,6805,1,,,0,70,,6794,1,,,0,30,,6806,1,,,0,20,,6795,1,,,0,60,,6818,1,,,0,20,,6807,1,,,0,20,,6796,1,,,0,60,,6819,1,,,0,25,,6808,1,,,0,20,,6797,1,,,0,60,,6820,1,,,0,20,,6809,1,,,0,20,,6798,1,,,0,60,,6823,1,,,0,20,,6810,1,,,0,20,,6799,1,,,0,65,,6821,1,,,0,20,,6811,1,,,0,60,,6800,1,,,0,20,,6822,1,,,0,20,,6812,1,,,0,60,,6801,1,,,0,30,,6813,1,,,0,70,,6802,1,,,0,30,,6814,1,,,0,70,,6803,1,,,0,30,,6815,1,,,0,70,,6804,1,,,0,30,,6816,1,,,0,70,,6817,1,,,0
300,'Weekday',530,,9356,1,,,0,28,,9398,1,,,0,55,,9399,1,,,0,15,,9358,1,,,0,15,,9359,1,,,0,15,,9360,1,,,0,55,,9400,1,,,0,15,,9401,1,,,0,15,,9361,1,,,0,15,,9362,1,,,0,55,,9363,1,,,0,15,,9364,1,,,0,15,,9365,1,,,0,15,,9402,1,,,0,55,,9366,1,,,0,15,,9403,1,,,0,15,,9367,1,,,0,60,,9368,1,,,0,19,,9369,1,,,0,15,,9370,1,,,0,15,,9404,1,,,0,55,,9371,1,,,0,15,,9372,1,,,0,15,,9373,1,,,0,15,,9405,1,,,0,55,,9374,1,,,0,15,,9406,1,,,0,15,,9375,1,,,0,15,,9376,1,,,0,55,,9407,1,,,0,15,,9408,1,,,0,15,,9409,1,,,0,15,,9410,1,,,0,55,,9411,1,,,0,15,,9377,1,,,0,15,,9378,1,,,0,15,,9379,1,,,0,55,,9380,1,,,0,15,,9381,1,,,0,15,,9412,1,,,0,15,,9382,1,,,0,55,,9413,1,,,0,15,,9414,1,,,0,15,,9383,1,,,0,15,,9384,1,,,0,55,,9385,1,,,0,15,,9415,1,,,0,15,,9416,1,,,0,15,,9393,1,,,0,55,,9392,1,,,0,15,,9386,1,,,0,15,,9396,1,,,0,15,,9391,1,,,0,57,,9387,1,,,0,30,,9388,1,,,0,70,,9397,1,,,0,30,,9390,1,,,0,70,,9395,1,,,0,30,,9394,1,,,0,70,,9389,1,,,0,30,,9357,1,,,0
401,'Holiday21111111',1102,,7158,44,,,0,100,,7154,44,,,0,100,,7151,44,,,0,100,,7155,44,,,0,100,,7152,44,,,0,100,,7156,44,,,0,100,,7153,44,,,0,98,,7157,44,,,0
401,'Saturday',1002,,7170,44,,,0,100,,7175,44,,,0,100,,7171,44,,,0,100,,7176,44,,,0,100,,7172,44,,,0,100,,7177,44,,,0,100,,7173,44,,,0,100,,7178,44,,,0,98,,7174,44,,,0,100,,7179,44,,,0,100,,7180,44,,,0
401,'Sunday',1102,,7188,44,,,0,100,,7184,44,,,0,100,,7181,44,,,0,100,,7185,44,,,0,100,,7182,44,,,0,100,,7186,44,,,0,100,,7183,44,,,0,98,,7187,44,,,0
401,'Weekday',601,,9507,44,,,0,101,,9508,44,,,0,30,,9509,44,,,0,70,,9510,44,,,0,31,,9511,44,,,0,70,,9512,44,,,0,30,,9513,44,,,0,70,,9514,44,,,0,30,,9515,44,,,0,70,,9516,44,,,0,30,,9517,44,,,0,70,,9518,44,,,0,30,,9519,44,,,0,70,,9520,44,,,0,30,,9521,44,,,0,70,,9522,44,,,0,31,,9523,44,,,0,70,,9524,44,,,0,30,,9525,44,,,0,74,,9526,44,,,0,30,,9527,44,,,0,66,,9528,44,,,0,28,,9529,44,,,0,70,,9530,44,,,0,102,,9531,44,,,0,99,,9532,44,,,0
1001,'Holiday21111111',812,,7659,48,,,0,30,,7676,48,,,0,70,,7677,48,,,0,32,,7675,48,,,0,71,,7657,48,,,0,30,,7662,48,,,0,55,,7661,48,,,0,15,,7663,48,,,0,15,,7664,48,,,0,15,,7665,48,,,0,55,,7666,48,,,0,15,,7667,48,,,0,15,,7668,48,,,0,15,,7669,48,,,0,55,,7670,48,,,0,15,,7671,48,,,0,15,,7672,48,,,0,15,,7673,48,,,0,55,,7674,48,,,0,15,,7660,48,,,0,15,,7658,48,,,0,15,,7652,48,,,0,55,,7635,48,,,0,15,,7645,48,,,0,15,,7647,48,,,0,15,,7650,48,,,0,55,,7640,48,,,0,15,,7654,48,,,0,15,,7644,48,,,0,15,,7648,48,,,0,55,,7636,48,,,0,15,,7641,48,,,0,15,,7655,48,,,0,15,,7643,48,,,0,10,,7649,48,,,0,59,,7642,48,,,0,30,,7638,48,,,0,70,,7653,48,,,0,28,,7637,48,,,0,69,,7646,48,,,0,30,,7656,48,,,0,70,,7639,48,,,0,30,,7651,48,,,0
1001,'Saturday',742,,7770,48,,,0,70,,7771,48,,,0,30,,7772,48,,,0,70,,7773,48,,,0,32,,7774,48,,,0,56,,7776,48,,,0,15,,7775,48,,,0,15,,7777,48,,,0,15,,7761,48,,,0,55,,7769,48,,,0,15,,7746,48,,,0,15,,7753,48,,,0,15,,7734,48,,,0,55,,7762,48,,,0,15,,7743,48,,,0,15,,7747,48,,,0,15,,7754,48,,,0,55,,7735,48,,,0,15,,7763,48,,,0,15,,7758,48,,,0,15,,7748,48,,,0,55,,7755,48,,,0,15,,7736,48,,,0,15,,7764,48,,,0,15,,7757,48,,,0,55,,7749,48,,,0,15,,7742,48,,,0,15,,7737,48,,,0,15,,7765,48,,,0,55,,7744,48,,,0,15,,7750,48,,,0,15,,7741,48,,,0,15,,7738,48,,,0,55,,7766,48,,,0,15,,7759,48,,,0,15,,7751,48,,,0,15,,7756,48,,,0,55,,7739,48,,,0,15,,7767,48,,,0,14,,7760,48,,,0,15,,7752,48,,,0,15,,7745,48,,,0,55,,7740,48,,,0,28,,7768,48,,,0,69,,7728,48,,,0,30,,7732,48,,,0,70,,7730,48,,,0,30,,7729,48,,,0,70,,7733,48,,,0,30,,7731,48,,,0
1001,'Sunday',812,,7802,48,,,0,30,,7819,48,,,0,70,,7820,48,,,0,32,,7818,48,,,0,71,,7800,48,,,0,30,,7805,48,,,0,55,,7804,48,,,0,15,,7806,48,,,0,15,,7807,48,,,0,15,,7808,48,,,0,55,,7809,48,,,0,15,,7810,48,,,0,15,,7811,48,,,0,15,,7812,48,,,0,55,,7813,48,,,0,15,,7814,48,,,0,15,,7815,48,,,0,15,,7816,48,,,0,55,,7817,48,,,0,15,,7803,48,,,0,15,,7801,48,,,0,15,,7795,48,,,0,55,,7778,48,,,0,15,,7788,48,,,0,15,,7790,48,,,0,15,,7793,48,,,0,55,,7783,48,,,0,15,,7797,48,,,0,15,,7787,48,,,0,15,,7791,48,,,0,55,,7779,48,,,0,15,,7784,48,,,0,15,,7798,48,,,0,15,,7786,48,,,0,10,,7792,48,,,0,59,,7785,48,,,0,30,,7781,48,,,0,70,,7796,48,,,0,28,,7780,48,,,0,69,,7789,48,,,0,30,,7799,48,,,0,70,,7782,48,,,0,30,,7794,48,,,0
1001,'Weekday',540,,9657,48,,,0,68,,9658,48,,,0,30,,9659,48,,,0,15,,9692,48,,,0,55,,9660,48,,,0,15,,9693,48,,,0,17,,9661,48,,,0,15,,9694,48,,,0,55,,9662,48,,,0,20,,9695,48,,,0,15,,9663,48,,,0,55,,9696,48,,,0,15,,9664,48,,,0,16,,9697,48,,,0,15,,9665,48,,,0,55,,9698,48,,,0,15,,9666,48,,,0,15,,9699,48,,,0,15,,9667,48,,,0,55,,9700,48,,,0,15,,9668,48,,,0,15,,9701,48,,,0,15,,9669,48,,,0,55,,9702,48,,,0,15,,9670,48,,,0,15,,9703,48,,,0,15,,9671,48,,,0,55,,9704,48,,,0,15,,9672,48,,,0,15,,9705,48,,,0,15,,9673,48,,,0,55,,9706,48,,,0,15,,9674,48,,,0,17,,9707,48,,,0,15,,9675,48,,,0,55,,9708,48,,,0,15,,9676,48,,,0,15,,9709,48,,,0,12,,9677,48,,,0,55,,9710,48,,,0,15,,9678,48,,,0,15,,9711,48,,,0,15,,9679,48,,,0,55,,9712,48,,,0,12,,9680,48,,,0,15,,9713,48,,,0,15,,9681,48,,,0,58,,9714,48,,,0,15,,9682,48,,,0,12,,9715,48,,,0,18,,9683,48,,,0,55,,9716,48,,,0,15,,9684,48,,,0,30,,9685,48,,,0,70,,9686,48,,,0,30,,9687,48,,,0,70,,9688,48,,,0,28,,9689,48,,,0,70,,9690,48,,,0,30,,9691,48,,,0
