600,'Holiday21111111',908,,7215,35,,,0,106,,7216,35,,,0,100,,7217,35,,,0,100,,7218,35,,,0,100,,7219,35,,,0,100,,7220,35,,,0,102,,7221,35,,,0,100,,7222,35,,,0,100,,7223,35,,,0,100,,7224,35,,,0,101,,7225,35,,,0,103,,7226,35,,,0
600,'Saturday',808,,7256,35,,,0,100,,7255,35,,,0,106,,7254,35,,,0,100,,7253,35,,,0,100,,7252,35,,,0,100,,7251,35,,,0,100,,7250,35,,,0,100,,7249,35,,,0,100,,7248,35,,,0,100,,7247,35,,,0,100,,7246,35,,,0,100,,7245,35,,,0,100,,7244,35,,,0,100,,7243,35,,,0,100,,7242,35,,,0
600,'Sunday',908,,7257,35,,,0,106,,7258,35,,,0,100,,7259,35,,,0,100,,7260,35,,,0,100,,7261,35,,,0,100,,7262,35,,,0,102,,7263,35,,,0,100,,7264,35,,,0,100,,7265,35,,,0,100,,7266,35,,,0,100,,7267,35,,,0,100,,7268,35,,,0
600,'Weekday',614,,9533,35,,,0,32,,9534,35,,,0,70,,9535,35,,,0,32,,9536,35,,,0,69,,9537,35,,,0,32,,9538,35,,,0,70,,9539,35,,,0,28,,9540,35,,,0,70,,9541,35,,,0,30,,9542,35,,,0,70,,9543,35,,,0,30,,9544,35,,,0,70,,9545,35,,,0,30,,9546,35,,,0,70,,9547,35,,,0,30,,9548,35,,,0,70,,9549,35,,,0,28,,9550,35,,,0,73,,9551,35,,,0,34,,9552,35,,,0,79,,9562,35,,,0,73,,9560,35,,,0,26,,9559,35,,,0,26,,9557,35,,,0,67,,9563,35,,,0,29,,9561,35,,,0,69,,9558,35,,,0,30,,9553,35,,,0,69,,9554,35,,,0,100,,9555,35,,,0,100,,9556,35,,,0
1101,'Holiday21111111',811,,8064,3,,,0,30,,8063,3,,,0,70,,8062,3,,,0,30,,8065,3,,,0,74,,8061,3,,,0,30,,8066,3,,,0,70,,8060,3,,,0,30,,8067,3,,,0,70,,8068,3,,,0,30,,8059,3,,,0,70,,8069,3,,,0,30,,8058,3,,,0,70,,8057,3,,,0,30,,8070,3,,,0,70,,8056,3,,,0,30,,8071,3,,,0,70,,8072,3,,,0,30,,8055,3,,,0,70,,8073,3,,,0,30,,8054,3,,,0,70,,8074,3,,,0,30,,8053,3,,,0,70,,8052,3,,,0,30,,8075,3,,,0,70,,8076,3,,,0,30,,8077,3,,,0,70,,8078,3,,,0
1101,'Saturday',711,,8123,3,,,0,30,,8124,3,,,0,70,,8109,3,,,0,30,,8125,3,,,0,70,,8110,3,,,0,30,,8126,3,,,0,70,,8111,3,,,0,30,,8127,3,,,0,70,,8112,3,,,0,30,,8128,3,,,0,70,,8113,3,,,0,30,,8129,3,,,0,70,,8114,3,,,0,30,,8130,3,,,0,70,,8115,3,,,0,30,,8131,3,,,0,70,,8116,3,,,0,30,,8132,3,,,0,70,,8117,3,,,0,30,,8133,3,,,0,70,,8118,3,,,0,30,,8134,3,,,0,70,,8119,3,,,0,30,,8135,3,,,0,70,,8120,3,,,0,32,,8136,3,,,0,70,,8121,3,,,0,30,,8137,3,,,0,70,,8122,3,,,0,30,,8138,3,,,0
1101,'Sunday',811,,8151,3,,,0,30,,8150,3,,,0,70,,8149,3,,,0,30,,8152,3,,,0,70,,8148,3,,,0,30,,8153,3,,,0,70,,8147,3,,,0,30,,8154,3,,,0,70,,8155,3,,,0,30,,8146,3,,,0,70,,8156,3,,,0,30,,8145,3,,,0,70,,8144,3,,,0,30,,8157,3,,,0,70,,8143,3,,,0,30,,8158,3,,,0,70,,8159,3,,,0,30,,8142,3,,,0,70,,8160,3,,,0,30,,8141,3,,,0,70,,8161,3,,,0,30,,8140,3,,,0,70,,8139,3,,,0,32,,8162,3,,,0,70,,8163,3,,,0,30,,8164,3,,,0,70,,8165,3,,,0
1101,'Weekday',507,,9774,3,,,0,28,,9775,3,,,0,66,,9776,3,,,0,13,,9828,3,,,0,15,,9777,3,,,0,15,,9829,3,,,0,15,,9778,3,,,0,54,,9779,3,,,0,15,,9780,3,,,0,15,,9781,3,,,0,15,,9782,3,,,0,55,,9783,3,,,0,15,,9784,3,,,0,20,,9785,3,,,0,52,,9819,3,,,0,18,,9786,3,,,0,15,,9820,3,,,0,15,,9787,3,,,0,55,,9821,3,,,0,15,,9788,3,,,0,15,,9822,3,,,0,15,,9789,3,,,0,55,,9823,3,,,0,15,,9790,3,,,0,15,,9824,3,,,0,15,,9791,3,,,0,55,,9825,3,,,0,15,,9792,3,,,0,15,,9826,3,,,0,15,,9793,3,,,0,55,,9827,3,,,0,15,,9794,3,,,0,15,,9817,3,,,0,15,,9795,3,,,0,55,,9818,3,,,0,15,,9796,3,,,0,20,,9797,3,,,0,18,,9798,3,,,0,55,,9799,3,,,0,20,,9800,3,,,0,15,,9801,3,,,0,60,,9802,3,,,0,20,,9803,3,,,0,20,,9804,3,,,0,60,,9805,3,,,0,20,,9806,3,,,0,20,,9807,3,,,0,72,,9808,3,,,0,30,,9809,3,,,0,70,,9810,3,,,0,30,,9811,3,,,0,70,,9812,3,,,0,30,,9813,3,,,0,70,,9814,3,,,0,30,,9815,3,,,0,70,,9816,3,,,0
5100,'Saturday',2315,,8870,30,,,0,99,,8869,30,,,0,100,,8868,30,,,0
5100,'Weekday',2325,,10011,30,,,0,89,,10010,30,,,0,100,,10009,30,,,0
