401,'Holiday21111111',1044,,7158,19,,,0,100,,7154,19,,,0,100,,7151,19,,,0,100,,7155,19,,,0,100,,7152,19,,,0,100,,7156,19,,,0,100,,7153,19,,,0,100,,7157,19,,,0
401,'Saturday',944,,7170,19,,,0,100,,7175,19,,,0,100,,7171,19,,,0,100,,7176,19,,,0,100,,7172,19,,,0,100,,7177,19,,,0,100,,7173,19,,,0,100,,7178,19,,,0,100,,7174,19,,,0,100,,7179,19,,,0,100,,7180,19,,,0
401,'Sunday',1044,,7188,19,,,0,100,,7184,19,,,0,100,,7181,19,,,0,100,,7185,19,,,0,100,,7182,19,,,0,100,,7186,19,,,0,100,,7183,19,,,0,100,,7187,19,,,0
401,'Weekday',544,,9507,19,,,0,100,,9508,19,,,0,73,,9509,19,,,0,27,,9510,19,,,0,71,,9511,19,,,0,30,,9512,19,,,0,69,,9513,19,,,0,30,,9514,19,,,0,70,,9515,19,,,0,30,,9516,19,,,0,70,,9517,19,,,0,31,,9518,19,,,0,70,,9519,19,,,0,30,,9520,19,,,0,70,,9521,19,,,0,30,,9522,19,,,0,70,,9523,19,,,0,30,,9524,19,,,0,70,,9525,19,,,0,34,,9526,19,,,0,70,,9527,19,,,0,26,,9528,19,,,0,69,,9529,19,,,0,30,,9530,19,,,0,102,,9531,19,,,0,100,,9532,19,,,0
1001,'Holiday21111111',805,,7659,32,,,0,30,,7676,32,,,0,70,,7677,32,,,0,30,,7675,32,,,0,71,,7657,32,,,0,30,,7662,32,,,0,15,,7661,32,,,0,55,,7663,32,,,0,15,,7664,32,,,0,15,,7665,32,,,0,15,,7666,32,,,0,55,,7667,32,,,0,15,,7668,32,,,0,15,,7669,32,,,0,15,,7670,32,,,0,55,,7671,32,,,0,15,,7672,32,,,0,15,,7673,32,,,0,15,,7674,32,,,0,55,,7660,32,,,0,15,,7658,32,,,0,15,,7652,32,,,0,15,,7635,32,,,0,55,,7645,32,,,0,15,,7647,32,,,0,15,,7650,32,,,0,15,,7640,32,,,0,55,,7654,32,,,0,15,,7644,32,,,0,15,,7648,32,,,0,15,,7636,32,,,0,55,,7641,32,,,0,15,,7655,32,,,0,15,,7643,32,,,0,10,,7649,32,,,0,59,,7642,32,,,0,30,,7638,32,,,0,70,,7653,32,,,0,29,,7637,32,,,0,70,,7646,32,,,0,30,,7656,32,,,0,70,,7639,32,,,0,30,,7651,32,,,0
1001,'Saturday',735,,7770,32,,,0,70,,7771,32,,,0,30,,7772,32,,,0,70,,7773,32,,,0,30,,7774,32,,,0,16,,7776,32,,,0,55,,7775,32,,,0,15,,7777,32,,,0,15,,7761,32,,,0,15,,7769,32,,,0,55,,7746,32,,,0,15,,7753,32,,,0,15,,7734,32,,,0,15,,7762,32,,,0,55,,7743,32,,,0,15,,7747,32,,,0,15,,7754,32,,,0,15,,7735,32,,,0,55,,7763,32,,,0,15,,7758,32,,,0,15,,7748,32,,,0,15,,7755,32,,,0,55,,7736,32,,,0,15,,7764,32,,,0,15,,7757,32,,,0,15,,7749,32,,,0,55,,7742,32,,,0,15,,7737,32,,,0,15,,7765,32,,,0,15,,7744,32,,,0,55,,7750,32,,,0,15,,7741,32,,,0,15,,7738,32,,,0,15,,7766,32,,,0,55,,7759,32,,,0,15,,7751,32,,,0,15,,7756,32,,,0,15,,7739,32,,,0,55,,7767,32,,,0,14,,7760,32,,,0,15,,7752,32,,,0,15,,7745,32,,,0,55,,7740,32,,,0,29,,7768,32,,,0,70,,7728,32,,,0,30,,7732,32,,,0,70,,7730,32,,,0,30,,7729,32,,,0,70,,7733,32,,,0,30,,7731,32,,,0
1001,'Sunday',805,,7802,32,,,0,30,,7819,32,,,0,70,,7820,32,,,0,30,,7818,32,,,0,71,,7800,32,,,0,30,,7805,32,,,0,15,,7804,32,,,0,55,,7806,32,,,0,15,,7807,32,,,0,15,,7808,32,,,0,15,,7809,32,,,0,55,,7810,32,,,0,15,,7811,32,,,0,15,,7812,32,,,0,15,,7813,32,,,0,55,,7814,32,,,0,15,,7815,32,,,0,15,,7816,32,,,0,15,,7817,32,,,0,55,,7803,32,,,0,15,,7801,32,,,0,15,,7795,32,,,0,15,,7778,32,,,0,55,,7788,32,,,0,15,,7790,32,,,0,15,,7793,32,,,0,15,,7783,32,,,0,55,,7797,32,,,0,15,,7787,32,,,0,15,,7791,32,,,0,15,,7779,32,,,0,55,,7784,32,,,0,15,,7798,32,,,0,15,,7786,32,,,0,10,,7792,32,,,0,59,,7785,32,,,0,30,,7781,32,,,0,70,,7796,32,,,0,29,,7780,32,,,0,70,,7789,32,,,0,30,,7799,32,,,0,70,,7782,32,,,0,30,,7794,32,,,0
1001,'Weekday',532,,9657,32,,,0,68,,9658,32,,,0,30,,9659,32,,,0,15,,9692,32,,,0,55,,9660,32,,,0,15,,9693,32,,,0,17,,9661,32,,,0,15,,9694,32,,,0,55,,9662,32,,,0,20,,9695,32,,,0,15,,9663,32,,,0,15,,9696,32,,,0,55,,9664,32,,,0,15,,9697,32,,,0,15,,9665,32,,,0,15,,9698,32,,,0,55,,9666,32,,,0,15,,9699,32,,,0,15,,9667,32,,,0,15,,9700,32,,,0,55,,9668,32,,,0,15,,9701,32,,,0,15,,9669,32,,,0,15,,9702,32,,,0,55,,9670,32,,,0,15,,9703,32,,,0,15,,9671,32,,,0,15,,9704,32,,,0,55,,9672,32,,,0,15,,9705,32,,,0,15,,9673,32,,,0,15,,9706,32,,,0,55,,9674,32,,,0,16,,9707,32,,,0,15,,9675,32,,,0,15,,9708,32,,,0,55,,9676,32,,,0,15,,9709,32,,,0,12,,9677,32,,,0,15,,9710,32,,,0,55,,9678,32,,,0,15,,9711,32,,,0,15,,9679,32,,,0,15,,9712,32,,,0,52,,9680,32,,,0,15,,9713,32,,,0,15,,9681,32,,,0,18,,9714,32,,,0,55,,9682,32,,,0,13,,9715,32,,,0,18,,9683,32,,,0,15,,9716,32,,,0,55,,9684,32,,,0,30,,9685,32,,,0,70,,9686,32,,,0,30,,9687,32,,,0,70,,9688,32,,,0,30,,9689,32,,,0,70,,9690,32,,,0,30,,9691,32,,,0
2500,'Holiday21111111',751,,8522,11,,,0,70,,8534,11,,,0,30,,8523,11,,,0,70,,8535,11,,,0,35,,8524,11,,,0,70,,8536,11,,,0,30,,8525,11,,,0,70,,8537,11,,,0,30,,8526,11,,,0,70,,8538,11,,,0,30,,8527,11,,,0,70,,8539,11,,,0,30,,8528,11,,,0,70,,8540,11,,,0,30,,8529,11,,,0,70,,8541,11,,,0,30,,8530,11,,,0,70,,8542,11,,,0,30,,8531,11,,,0,70,,8543,11,,,0,30,,8532,11,,,0,70,,8544,11,,,0,30,,8533,11,,,0,70,,8545,11,,,0,30,,8546,11,,,0,70,,8547,11,,,0,30,,8548,11,,,0,70,,8549,11,,,0
2500,'Saturday',721,,8593,11,,,0,30,,8592,11,,,0,70,,8594,11,,,0,30,,8591,11,,,0,70,,8595,11,,,0,30,,8590,11,,,0,70,,8596,11,,,0,30,,8589,11,,,0,70,,8597,11,,,0,30,,8588,11,,,0,70,,8598,11,,,0,30,,8587,11,,,0,70,,8599,11,,,0,30,,8586,11,,,0,70,,8600,11,,,0,30,,8585,11,,,0,70,,8601,11,,,0,30,,8584,11,,,0,70,,8602,11,,,0,30,,8583,11,,,0,70,,8603,11,,,0,30,,8582,11,,,0,72,,8604,11,,,0,30,,8581,11,,,0,70,,8605,11,,,0,30,,8580,11,,,0,70,,8606,11,,,0,30,,8608,11,,,0,70,,8607,11,,,0,30,,8609,11,,,0
2500,'Sunday',751,,8610,11,,,0,70,,8622,11,,,0,30,,8611,11,,,0,70,,8623,11,,,0,30,,8612,11,,,0,70,,8624,11,,,0,30,,8613,11,,,0,70,,8625,11,,,0,30,,8614,11,,,0,70,,8626,11,,,0,30,,8615,11,,,0,70,,8627,11,,,0,30,,8616,11,,,0,70,,8628,11,,,0,30,,8617,11,,,0,70,,8629,11,,,0,30,,8618,11,,,0,70,,8630,11,,,0,30,,8619,11,,,0,70,,8631,11,,,0,30,,8620,11,,,0,72,,8632,11,,,0,30,,8621,11,,,0,70,,8633,11,,,0,30,,8634,11,,,0,70,,8635,11,,,0,30,,8636,11,,,0,70,,8637,11,,,0
2500,'Weekday',514,,9904,11,,,0,28,,9905,11,,,0,66,,9906,11,,,0,28,,9907,11,,,0,68,,9908,11,,,0,15,,9909,11,,,0,15,,9910,11,,,0,15,,9911,11,,,0,55,,9912,11,,,0,21,,9913,11,,,0,15,,9914,11,,,0,17,,9915,11,,,0,70,,9916,11,,,0,30,,9917,11,,,0,70,,9918,11,,,0,30,,9919,11,,,0,70,,9920,11,,,0,30,,9921,11,,,0,70,,9922,11,,,0,30,,9923,11,,,0,70,,9924,11,,,0,30,,9925,11,,,0,70,,9926,11,,,0,15,,9927,11,,,0,15,,9928,11,,,0,55,,9929,11,,,0,15,,9930,11,,,0,15,,9931,11,,,0,15,,9932,11,,,0,55,,9933,11,,,0,15,,9934,11,,,0,15,,9935,11,,,0,15,,9936,11,,,0,55,,9937,11,,,0,15,,9938,11,,,0,15,,9939,11,,,0,15,,9940,11,,,0,70,,9941,11,,,0,30,,9942,11,,,0,70,,9943,11,,,0,29,,9944,11,,,0,70,,9945,11,,,0,30,,9946,11,,,0,70,,9947,11,,,0,30,,9948,11,,,0,70,,9949,11,,,0,30,,9950,11,,,0,70,,9951,11,,,0
