100,'Holiday21111111',717,,5648,50,,,0,15,,5649,50,,,0,15,,5650,50,,,0,55,,5651,50,,,0,15,,5652,50,,,0,15,,5653,50,,,0,15,,5654,50,,,0,55,,5655,50,,,0,15,,5656,50,,,0,19,,5657,50,,,0,15,,5658,50,,,0,55,,5659,50,,,0,15,,5615,50,,,0,15,,5627,50,,,0,15,,5611,50,,,0,55,,5616,50,,,0,15,,5641,50,,,0,15,,5637,50,,,0,15,,5628,50,,,0,55,,5635,50,,,0,15,,5617,50,,,0,15,,5642,50,,,0,15,,5623,50,,,0,55,,5629,50,,,0,15,,5638,50,,,0,15,,5618,50,,,0,15,,5643,50,,,0,55,,5634,50,,,0,15,,5639,50,,,0,15,,5630,50,,,0,15,,5622,50,,,0,55,,5619,50,,,0,15,,5644,50,,,0,15,,5624,50,,,0,15,,5613,50,,,0,55,,5631,50,,,0,15,,5610,50,,,0,15,,5620,50,,,0,15,,5645,50,,,0,55,,5636,50,,,0,15,,5625,50,,,0,15,,5632,50,,,0,15,,5612,50,,,0,55,,5621,50,,,0,15,,5646,50,,,0,11,,5614,50,,,0,18,,5647,50,,,0,58,,5633,50,,,0,9,,5626,50,,,0,21,,5640,50,,,0,70,,5607,50,,,0,30,,5605,50,,,0,70,,5606,50,,,0,30,,5608,50,,,0,70,,5609,50,,,0,30,,5660,50,,,0,70,,5661,50,,,0
100,'Saturday',703,,5774,50,,,0,15,,5775,50,,,0,15,,5776,50,,,0,15,,5777,50,,,0,55,,5778,50,,,0,15,,5779,50,,,0,18,,5780,50,,,0,15,,5781,50,,,0,55,,5782,50,,,0,15,,5783,50,,,0,17,,5784,50,,,0,15,,5785,50,,,0,56,,5786,50,,,0,15,,5763,50,,,0,15,,5750,50,,,0,15,,5757,50,,,0,55,,5740,50,,,0,15,,5764,50,,,0,15,,5748,50,,,0,13,,5787,50,,,0,54,,5751,50,,,0,14,,5747,50,,,0,14,,5741,50,,,0,14,,5765,50,,,0,54,,5772,50,,,0,14,,5752,50,,,0,14,,5788,50,,,0,14,,5746,50,,,0,14,,5742,50,,,0,54,,5738,50,,,0,14,,5739,50,,,0,14,,5753,50,,,0,14,,5770,50,,,0,54,,5789,50,,,0,14,,5766,50,,,0,14,,5760,50,,,0,14,,5762,50,,,0,54,,5754,50,,,0,14,,5737,50,,,0,14,,5743,50,,,0,14,,5790,50,,,0,55,,5767,50,,,0,13,,5759,50,,,0,15,,5749,50,,,0,14,,5755,50,,,0,15,,5758,50,,,0,52,,5744,50,,,0,13,,5768,50,,,0,11,,5773,50,,,0,15,,5761,50,,,0,55,,5756,50,,,0,15,,5771,50,,,0,15,,5745,50,,,0,15,,5769,50,,,0,55,,5727,50,,,0,30,,5731,50,,,0,70,,5734,50,,,0,30,,5728,50,,,0,70,,5732,50,,,0,30,,5735,50,,,0,70,,5729,50,,,0,30,,5733,50,,,0,68,,5736,50,,,0,26,,5730,50,,,0,26,,5791,50,,,0
100,'Sunday',703,,5836,50,,,0,15,,5837,50,,,0,15,,5838,50,,,0,15,,5839,50,,,0,55,,5840,50,,,0,15,,5841,50,,,0,18,,5842,50,,,0,15,,5843,50,,,0,55,,5844,50,,,0,15,,5845,50,,,0,17,,5846,50,,,0,15,,5847,50,,,0,56,,5848,50,,,0,15,,5825,50,,,0,15,,5812,50,,,0,15,,5819,50,,,0,55,,5802,50,,,0,15,,5826,50,,,0,15,,5810,50,,,0,13,,5849,50,,,0,54,,5813,50,,,0,14,,5809,50,,,0,14,,5803,50,,,0,14,,5827,50,,,0,54,,5834,50,,,0,14,,5814,50,,,0,14,,5850,50,,,0,14,,5808,50,,,0,14,,5804,50,,,0,54,,5800,50,,,0,14,,5801,50,,,0,14,,5815,50,,,0,14,,5832,50,,,0,54,,5851,50,,,0,14,,5828,50,,,0,14,,5822,50,,,0,14,,5824,50,,,0,54,,5816,50,,,0,14,,5799,50,,,0,14,,5805,50,,,0,14,,5852,50,,,0,55,,5829,50,,,0,13,,5821,50,,,0,15,,5811,50,,,0,14,,5817,50,,,0,15,,5820,50,,,0,52,,5806,50,,,0,13,,5830,50,,,0,11,,5835,50,,,0,15,,5823,50,,,0,55,,5818,50,,,0,15,,5833,50,,,0,15,,5807,50,,,0,18,,5831,50,,,0,58,,5792,50,,,0,30,,5795,50,,,0,70,,5797,50,,,0,30,,5793,50,,,0,70,,5796,50,,,0,30,,5798,50,,,0,70,,5794,50,,,0
100,'Weekday',517,,9120,50,,,0,15,,9121,50,,,0,12,,9122,50,,,0,12,,9123,50,,,0,56,,9124,50,,,0,12,,9125,50,,,0,12,,9126,50,,,0,12,,9127,50,,,0,52,,9112,50,,,0,13,,9113,50,,,0,12,,9116,50,,,0,12,,9128,50,,,0,12,,9117,50,,,0,52,,9118,50,,,0,15,,9114,50,,,0,12,,9119,50,,,0,12,,9115,50,,,0,12,,9057,50,,,0,52,,9050,50,,,0,11,,9077,50,,,0,12,,9053,50,,,0,12,,9065,50,,,0,12,,9049,50,,,0,52,,9054,50,,,0,12,,9052,50,,,0,12,,9056,50,,,0,12,,9051,50,,,0,12,,9064,50,,,0,52,,9055,50,,,0,13,,9058,50,,,0,12,,9070,50,,,0,12,,9059,50,,,0,13,,9063,50,,,0,52,,9071,50,,,0,12,,9076,50,,,0,12,,9069,50,,,0,13,,9075,50,,,0,12,,9068,50,,,0,52,,9060,50,,,0,12,,9061,50,,,0,12,,9072,50,,,0,12,,9073,50,,,0,12,,9062,50,,,0,52,,9074,50,,,0,12,,9067,50,,,0,12,,9131,50,,,0,12,,9066,50,,,0,10,,9109,50,,,0,52,,9110,50,,,0,10,,9111,50,,,0,10,,9108,50,,,0,10,,9096,50,,,0,10,,9129,50,,,0,10,,9097,50,,,0,50,,9098,50,,,0,10,,9099,50,,,0,8,,9100,50,,,0,11,,9101,50,,,0,12,,9086,50,,,0,10,,9088,50,,,0,52,,9080,50,,,0,12,,9087,50,,,0,10,,9082,50,,,0,12,,9089,50,,,0,12,,9092,50,,,0,52,,9090,50,,,0,6,,9094,50,,,0,10,,9085,50,,,0,10,,9095,50,,,0,10,,9081,50,,,0,10,,9083,50,,,0,50,,9084,50,,,0,10,,9093,50,,,0,10,,9091,50,,,0,10,,9107,50,,,0,9,,9102,50,,,0,12,,9106,50,,,0,52,,9103,50,,,0,12,,9105,50,,,0,12,,9104,50,,,0,12,,9130,50,,,0,10,,9032,50,,,0,54,,9033,50,,,0,15,,9034,50,,,0,12,,9035,50,,,0,17,,9036,50,,,0,53,,9037,50,,,0,15,,9038,50,,,0,15,,9039,50,,,0,15,,9046,50,,,0,13,,9040,50,,,0,55,,9047,50,,,0,20,,9041,50,,,0,15,,9044,50,,,0,55,,9042,50,,,0,15,,9045,50,,,0,15,,9043,50,,,0,15,,9079,50,,,0,55,,9048,50,,,0,15,,9078,50,,,0
400,'Holiday21111111',1227,,7084,84,,,0,100,,7088,84,,,0,100,,7085,84,,,0,100,,7089,84,,,0,100,,7086,84,,,0,100,,7090,84,,,0,100,,7087,84,,,0
400,'Saturday',927,,7104,84,,,0,100,,7110,84,,,0,100,,7105,84,,,0,100,,7111,84,,,0,100,,7106,84,,,0,100,,7112,84,,,0,100,,7107,84,,,0,100,,7113,84,,,0,100,,7108,84,,,0,100,,7114,84,,,0,100,,7109,84,,,0,100,,7115,84,,,0,98,,7116,84,,,0
400,'Sunday',1227,,7117,84,,,0,100,,7121,84,,,0,100,,7118,84,,,0,100,,7122,84,,,0,100,,7119,84,,,0,100,,7123,84,,,0,100,,7120,84,,,0
400,'Weekday',625,,9480,84,,,0,101,,9481,84,,,0,105,,9482,84,,,0,23,,9483,84,,,0,77,,9484,84,,,0,69,,9485,84,,,0,31,,9486,84,,,0,70,,9487,84,,,0,30,,9488,84,,,0,70,,9489,84,,,0,30,,9490,84,,,0,70,,9491,84,,,0,30,,9492,84,,,0,70,,9493,84,,,0,30,,9494,84,,,0,70,,9495,84,,,0,34,,9496,84,,,0,71,,9497,84,,,0,26,,9498,84,,,0,70,,9499,84,,,0,30,,9500,84,,,0,70,,9501,84,,,0,31,,9502,84,,,0,67,,9506,84,,,0,30,,9503,84,,,0,96,,9504,84,,,0,99,,9505,84,,,0
1000,'Holiday21111111',838,,7427,65,,,0,70,,7421,65,,,0,30,,7426,65,,,0,69,,7418,65,,,0,30,,7420,65,,,0,70,,7398,65,,,0,15,,7386,65,,,0,15,,7389,65,,,0,15,,7408,65,,,0,55,,7406,65,,,0,15,,7399,65,,,0,15,,7405,65,,,0,15,,7390,65,,,0,55,,7409,65,,,0,15,,7397,65,,,0,15,,7400,65,,,0,15,,7415,65,,,0,55,,7391,65,,,0,15,,7410,65,,,0,15,,7404,65,,,0,15,,7401,65,,,0,55,,7395,65,,,0,15,,7392,65,,,0,15,,7411,65,,,0,15,,7388,65,,,0,55,,7402,65,,,0,15,,7414,65,,,0,15,,7393,65,,,0,15,,7412,65,,,0,55,,7407,65,,,0,15,,7403,65,,,0,15,,7387,65,,,0,15,,7394,65,,,0,55,,7413,65,,,0,15,,7396,65,,,0,15,,7385,65,,,0,70,,7416,65,,,0,27,,7422,65,,,0,70,,7417,65,,,0,30,,7423,65,,,0,70,,7419,65,,,0,30,,7424,65,,,0,70,,7425,65,,,0
1000,'Saturday',733,,7485,65,,,0,70,,7486,65,,,0,31,,7487,65,,,0,70,,7488,65,,,0,30,,7489,65,,,0,18,,7529,65,,,0,55,,7490,65,,,0,15,,7491,65,,,0,15,,7492,65,,,0,15,,7493,65,,,0,55,,7494,65,,,0,15,,7495,65,,,0,15,,7496,65,,,0,15,,7497,65,,,0,55,,7498,65,,,0,15,,7499,65,,,0,15,,7500,65,,,0,15,,7501,65,,,0,55,,7502,65,,,0,15,,7503,65,,,0,15,,7504,65,,,0,15,,7505,65,,,0,55,,7506,65,,,0,15,,7507,65,,,0,15,,7508,65,,,0,15,,7509,65,,,0,55,,7510,65,,,0,15,,7511,65,,,0,15,,7512,65,,,0,15,,7513,65,,,0,55,,7514,65,,,0,15,,7515,65,,,0,15,,7516,65,,,0,15,,7517,65,,,0,55,,7518,65,,,0,15,,7519,65,,,0,15,,7520,65,,,0,15,,7521,65,,,0,55,,7522,65,,,0,15,,7523,65,,,0,15,,7524,65,,,0,15,,7525,65,,,0,55,,7526,65,,,0,27,,7527,65,,,0,70,,7528,65,,,0,30,,7481,65,,,0,70,,7479,65,,,0,30,,7483,65,,,0,70,,7482,65,,,0,30,,7480,65,,,0,70,,7484,65,,,0
1000,'Sunday',838,,7572,65,,,0,70,,7566,65,,,0,30,,7571,65,,,0,69,,7563,65,,,0,30,,7565,65,,,0,70,,7543,65,,,0,15,,7531,65,,,0,15,,7534,65,,,0,15,,7553,65,,,0,55,,7551,65,,,0,15,,7544,65,,,0,15,,7550,65,,,0,15,,7535,65,,,0,55,,7554,65,,,0,15,,7542,65,,,0,15,,7545,65,,,0,15,,7560,65,,,0,55,,7536,65,,,0,15,,7555,65,,,0,15,,7549,65,,,0,15,,7546,65,,,0,55,,7540,65,,,0,15,,7537,65,,,0,15,,7556,65,,,0,15,,7533,65,,,0,55,,7547,65,,,0,15,,7559,65,,,0,15,,7538,65,,,0,15,,7557,65,,,0,55,,7552,65,,,0,15,,7548,65,,,0,15,,7532,65,,,0,15,,7539,65,,,0,55,,7558,65,,,0,15,,7541,65,,,0,15,,7530,65,,,0,70,,7561,65,,,0,27,,7567,65,,,0,70,,7562,65,,,0,30,,7568,65,,,0,70,,7564,65,,,0,30,,7569,65,,,0,70,,7570,65,,,0
1000,'Weekday',528,,9605,65,,,0,30,,9614,65,,,0,66,,9600,65,,,0,27,,9631,65,,,0,55,,9628,65,,,0,15,,9632,65,,,0,10,,9624,65,,,0,19,,9633,65,,,0,55,,9609,65,,,0,16,,9634,65,,,0,15,,9615,65,,,0,17,,9635,65,,,0,55,,9595,65,,,0,15,,9636,65,,,0,14,,9621,65,,,0,15,,9637,65,,,0,55,,9630,65,,,0,15,,9638,65,,,0,15,,9627,65,,,0,15,,9639,65,,,0,55,,9616,65,,,0,15,,9640,65,,,0,15,,9612,65,,,0,15,,9641,65,,,0,55,,9604,65,,,0,15,,9642,65,,,0,18,,9613,65,,,0,12,,9643,65,,,0,55,,9599,65,,,0,15,,9644,65,,,0,15,,9617,65,,,0,15,,9645,65,,,0,55,,9629,65,,,0,15,,9646,65,,,0,17,,9603,65,,,0,15,,9647,65,,,0,55,,9626,65,,,0,17,,9648,65,,,0,15,,9623,65,,,0,15,,9649,65,,,0,55,,9618,65,,,0,16,,9650,65,,,0,11,,9622,65,,,0,16,,9651,65,,,0,54,,9611,65,,,0,18,,9652,65,,,0,15,,9606,65,,,0,15,,9653,65,,,0,55,,9608,65,,,0,15,,9654,65,,,0,12,,9619,65,,,0,15,,9655,65,,,0,52,,9607,65,,,0,15,,9656,65,,,0,15,,9602,65,,,0,70,,9625,65,,,0,30,,9610,65,,,0,70,,9620,65,,,0,30,,9596,65,,,0,70,,9598,65,,,0,27,,9601,65,,,0,70,,9597,65,,,0
1101,'Holiday21111111',832,,8064,29,,,0,70,,8063,29,,,0,30,,8062,29,,,0,70,,8065,29,,,0,34,,8061,29,,,0,71,,8066,29,,,0,30,,8060,29,,,0,70,,8067,29,,,0,30,,8068,29,,,0,70,,8059,29,,,0,30,,8069,29,,,0,70,,8058,29,,,0,30,,8057,29,,,0,70,,8070,29,,,0,30,,8056,29,,,0,70,,8071,29,,,0,30,,8072,29,,,0,70,,8055,29,,,0,30,,8073,29,,,0,69,,8054,29,,,0,30,,8074,29,,,0,70,,8053,29,,,0,30,,8052,29,,,0,70,,8075,29,,,0,30,,8076,29,,,0,70,,8077,29,,,0,30,,8078,29,,,0
1101,'Saturday',732,,8123,29,,,0,70,,8124,29,,,0,30,,8109,29,,,0,70,,8125,29,,,0,30,,8110,29,,,0,70,,8126,29,,,0,30,,8111,29,,,0,71,,8127,29,,,0,30,,8112,29,,,0,70,,8128,29,,,0,30,,8113,29,,,0,70,,8129,29,,,0,30,,8114,29,,,0,70,,8130,29,,,0,30,,8115,29,,,0,70,,8131,29,,,0,30,,8116,29,,,0,70,,8132,29,,,0,30,,8117,29,,,0,70,,8133,29,,,0,30,,8118,29,,,0,69,,8134,29,,,0,30,,8119,29,,,0,70,,8135,29,,,0,30,,8120,29,,,0,72,,8136,29,,,0,30,,8121,29,,,0,70,,8137,29,,,0,30,,8122,29,,,0,70,,8138,29,,,0
1101,'Sunday',832,,8151,29,,,0,70,,8150,29,,,0,30,,8149,29,,,0,70,,8152,29,,,0,30,,8148,29,,,0,71,,8153,29,,,0,30,,8147,29,,,0,70,,8154,29,,,0,30,,8155,29,,,0,70,,8146,29,,,0,30,,8156,29,,,0,70,,8145,29,,,0,30,,8144,29,,,0,70,,8157,29,,,0,30,,8143,29,,,0,70,,8158,29,,,0,30,,8159,29,,,0,70,,8142,29,,,0,30,,8160,29,,,0,69,,8141,29,,,0,30,,8161,29,,,0,70,,8140,29,,,0,30,,8139,29,,,0,72,,8162,29,,,0,30,,8163,29,,,0,70,,8164,29,,,0,30,,8165,29,,,0
1101,'Weekday',526,,9774,29,,,0,28,,9775,29,,,0,66,,9776,29,,,0,15,,9828,29,,,0,15,,9777,29,,,0,55,,9829,29,,,0,15,,9778,29,,,0,17,,9779,29,,,0,15,,9780,29,,,0,55,,9781,29,,,0,15,,9782,29,,,0,16,,9783,29,,,0,15,,9784,29,,,0,60,,9785,29,,,0,12,,9819,29,,,0,16,,9786,29,,,0,15,,9820,29,,,0,55,,9787,29,,,0,15,,9821,29,,,0,15,,9788,29,,,0,15,,9822,29,,,0,55,,9789,29,,,0,15,,9823,29,,,0,15,,9790,29,,,0,15,,9824,29,,,0,55,,9791,29,,,0,15,,9825,29,,,0,15,,9792,29,,,0,15,,9826,29,,,0,55,,9793,29,,,0,15,,9827,29,,,0,15,,9794,29,,,0,15,,9817,29,,,0,55,,9795,29,,,0,17,,9818,29,,,0,15,,9796,29,,,0,60,,9797,29,,,0,18,,9798,29,,,0,18,,9799,29,,,0,20,,9800,29,,,0,55,,9801,29,,,0,20,,9802,29,,,0,20,,9803,29,,,0,60,,9804,29,,,0,17,,9805,29,,,0,20,,9806,29,,,0,60,,9807,29,,,0,28,,9808,29,,,0,70,,9809,29,,,0,30,,9810,29,,,0,70,,9811,29,,,0,30,,9812,29,,,0,70,,9813,29,,,0,29,,9814,29,,,0,70,,9815,29,,,0,30,,9816,29,,,0
2501,'Holiday21111111',802,,8697,31,,,0,30,,8686,31,,,0,70,,8698,31,,,0,30,,8687,31,,,0,70,,8699,31,,,0,30,,8688,31,,,0,70,,8700,31,,,0,30,,8689,31,,,0,70,,8701,31,,,0,30,,8690,31,,,0,70,,8702,31,,,0,30,,8691,31,,,0,70,,8703,31,,,0,30,,8692,31,,,0,70,,8704,31,,,0,30,,8693,31,,,0,70,,8705,31,,,0,30,,8694,31,,,0,70,,8706,31,,,0,30,,8695,31,,,0,70,,8707,31,,,0,30,,8696,31,,,0,70,,8708,31,,,0,30,,8709,31,,,0,70,,8710,31,,,0,30,,8711,31,,,0,70,,8712,31,,,0,30,,8713,31,,,0
2501,'Saturday',732,,8756,31,,,0,70,,8757,31,,,0,30,,8755,31,,,0,70,,8758,31,,,0,30,,8754,31,,,0,70,,8759,31,,,0,30,,8753,31,,,0,70,,8760,31,,,0,30,,8752,31,,,0,70,,8761,31,,,0,30,,8751,31,,,0,70,,8762,31,,,0,30,,8750,31,,,0,70,,8763,31,,,0,30,,8749,31,,,0,70,,8764,31,,,0,30,,8748,31,,,0,70,,8765,31,,,0,30,,8747,31,,,0,70,,8766,31,,,0,30,,8746,31,,,0,70,,8767,31,,,0,30,,8745,31,,,0,70,,8768,31,,,0,30,,8744,31,,,0,70,,8769,31,,,0,30,,8771,31,,,0,70,,8770,31,,,0,30,,8772,31,,,0,70,,8773,31,,,0
2501,'Sunday',802,,8785,31,,,0,30,,8774,31,,,0,70,,8786,31,,,0,30,,8775,31,,,0,70,,8787,31,,,0,30,,8776,31,,,0,70,,8788,31,,,0,30,,8777,31,,,0,70,,8789,31,,,0,30,,8778,31,,,0,70,,8790,31,,,0,30,,8779,31,,,0,70,,8791,31,,,0,30,,8780,31,,,0,70,,8792,31,,,0,30,,8781,31,,,0,70,,8793,31,,,0,30,,8782,31,,,0,70,,8794,31,,,0,30,,8783,31,,,0,70,,8795,31,,,0,30,,8784,31,,,0,70,,8796,31,,,0,30,,8797,31,,,0,70,,8798,31,,,0,30,,8799,31,,,0,70,,8800,31,,,0,30,,8801,31,,,0
2501,'Weekday',525,,9952,31,,,0,75,,9953,31,,,0,25,,9954,31,,,0,25,,9955,31,,,0,71,,9956,31,,,0,16,,9957,31,,,0,15,,9958,31,,,0,55,,9959,31,,,0,17,,9960,31,,,0,15,,9961,31,,,0,14,,9962,31,,,0,55,,9963,31,,,0,28,,9964,31,,,0,70,,9965,31,,,0,30,,9966,31,,,0,71,,9967,31,,,0,30,,9968,31,,,0,70,,9969,31,,,0,30,,9970,31,,,0,70,,9971,31,,,0,31,,9972,31,,,0,69,,9973,31,,,0,30,,9974,31,,,0,20,,9975,31,,,0,53,,9976,31,,,0,17,,9977,31,,,0,15,,9978,31,,,0,15,,9979,31,,,0,55,,9980,31,,,0,16,,9981,31,,,0,15,,9982,31,,,0,15,,9983,31,,,0,55,,9984,31,,,0,15,,9985,31,,,0,15,,9986,31,,,0,13,,9987,31,,,0,55,,9988,31,,,0,28,,9989,31,,,0,70,,9990,31,,,0,28,,9991,31,,,0,70,,9992,31,,,0,30,,9993,31,,,0,69,,9994,31,,,0,30,,9995,31,,,0,69,,9996,31,,,0,30,,9997,31,,,0,69,,9998,31,,,0,30,,9999,31,,,0
8000,'Weekday',536,,10046,8,,,0,70,,10041,20,,,0,31,,10037,20,,,0,72,,10042,20,,,0,30,,10038,20,,,0,71,,10043,20,,,0,30,,10039,20,,,0,70,,10044,20,,,0,30,,10040,20,,,0,74,,10045,20,,,0,30,,10022,20,,,0,70,,10028,20,,,0,30,,10023,20,,,0,65,,10029,20,,,0,30,,10024,20,,,0,70,,10030,20,,,0,30,,10025,20,,,0,70,,10031,20,,,0,33,,10026,20,,,0,66,,10032,20,,,0,31,,10027,20,,,0,71,,10035,20,,,0,23,,10036,20,,,0,69,,10034,20,,,0,32,,10033,20,,,0,69,,10047,20,,,0,31,,10020,20,,,0,74,,10021,20,,,0
8100,'Weekday',534,,10103,31,,,0,73,,10082,40,,,0,31,,10087,40,,,0,72,,10083,40,,,0,30,,10088,40,,,0,70,,10084,40,,,0,34,,10089,40,,,0,72,,10085,40,,,0,29,,10090,40,,,0,70,,10086,40,,,0,30,,10093,40,,,0,69,,10094,40,,,0,30,,10095,40,,,0,65,,10096,40,,,0,32,,10097,40,,,0,69,,10098,40,,,0,30,,10099,40,,,0,70,,10100,40,,,0,29,,10101,40,,,0,70,,10102,40,,,0,30,,10091,40,,,0,71,,10092,40,,,0,28,,10076,40,,,0,69,,10080,40,,,0,31,,10078,40,,,0,69,,10077,40,,,0,30,,10081,40,,,0,70,,10079,40,,,0
