401,'Holiday21111111',1058,,7158,40,,,0,100,,7154,40,,,0,100,,7151,40,,,0,100,,7155,40,,,0,100,,7152,40,,,0,100,,7156,40,,,0,100,,7153,40,,,0,99,,7157,40,,,0
401,'Saturday',958,,7170,40,,,0,100,,7175,40,,,0,100,,7171,40,,,0,100,,7176,40,,,0,100,,7172,40,,,0,100,,7177,40,,,0,100,,7173,40,,,0,100,,7178,40,,,0,99,,7174,40,,,0,100,,7179,40,,,0,100,,7180,40,,,0
401,'Sunday',1058,,7188,40,,,0,100,,7184,40,,,0,100,,7181,40,,,0,100,,7185,40,,,0,100,,7182,40,,,0,100,,7186,40,,,0,100,,7183,40,,,0,99,,7187,40,,,0
401,'Weekday',556,,9507,40,,,0,101,,9508,40,,,0,72,,9509,40,,,0,28,,9510,40,,,0,71,,9511,40,,,0,30,,9512,40,,,0,70,,9513,40,,,0,30,,9514,40,,,0,70,,9515,40,,,0,30,,9516,40,,,0,70,,9517,40,,,0,30,,9518,40,,,0,70,,9519,40,,,0,30,,9520,40,,,0,70,,9521,40,,,0,30,,9522,40,,,0,71,,9523,40,,,0,30,,9524,40,,,0,70,,9525,40,,,0,74,,9526,40,,,0,30,,9527,40,,,0,26,,9528,40,,,0,68,,9529,40,,,0,30,,9530,40,,,0,102,,9531,40,,,0,99,,9532,40,,,0
1001,'Holiday21111111',810,,7659,44,,,0,30,,7676,44,,,0,70,,7677,44,,,0,31,,7675,44,,,0,71,,7657,44,,,0,30,,7662,44,,,0,15,,7661,44,,,0,55,,7663,44,,,0,15,,7664,44,,,0,15,,7665,44,,,0,15,,7666,44,,,0,55,,7667,44,,,0,15,,7668,44,,,0,15,,7669,44,,,0,15,,7670,44,,,0,55,,7671,44,,,0,15,,7672,44,,,0,15,,7673,44,,,0,15,,7674,44,,,0,55,,7660,44,,,0,15,,7658,44,,,0,15,,7652,44,,,0,15,,7635,44,,,0,55,,7645,44,,,0,15,,7647,44,,,0,15,,7650,44,,,0,15,,7640,44,,,0,55,,7654,44,,,0,15,,7644,44,,,0,15,,7648,44,,,0,15,,7636,44,,,0,55,,7641,44,,,0,15,,7655,44,,,0,15,,7643,44,,,0,10,,7649,44,,,0,59,,7642,44,,,0,30,,7638,44,,,0,70,,7653,44,,,0,28,,7637,44,,,0,70,,7646,44,,,0,30,,7656,44,,,0,70,,7639,44,,,0,30,,7651,44,,,0
1001,'Saturday',740,,7770,44,,,0,70,,7771,44,,,0,30,,7772,44,,,0,70,,7773,44,,,0,31,,7774,44,,,0,16,,7776,44,,,0,55,,7775,44,,,0,15,,7777,44,,,0,15,,7761,44,,,0,15,,7769,44,,,0,55,,7746,44,,,0,15,,7753,44,,,0,15,,7734,44,,,0,15,,7762,44,,,0,55,,7743,44,,,0,15,,7747,44,,,0,15,,7754,44,,,0,15,,7735,44,,,0,55,,7763,44,,,0,15,,7758,44,,,0,15,,7748,44,,,0,15,,7755,44,,,0,55,,7736,44,,,0,15,,7764,44,,,0,15,,7757,44,,,0,15,,7749,44,,,0,55,,7742,44,,,0,15,,7737,44,,,0,15,,7765,44,,,0,15,,7744,44,,,0,55,,7750,44,,,0,15,,7741,44,,,0,15,,7738,44,,,0,15,,7766,44,,,0,55,,7759,44,,,0,15,,7751,44,,,0,15,,7756,44,,,0,15,,7739,44,,,0,55,,7767,44,,,0,14,,7760,44,,,0,15,,7752,44,,,0,15,,7745,44,,,0,55,,7740,44,,,0,28,,7768,44,,,0,70,,7728,44,,,0,30,,7732,44,,,0,70,,7730,44,,,0,30,,7729,44,,,0,70,,7733,44,,,0,30,,7731,44,,,0
1001,'Sunday',810,,7802,44,,,0,30,,7819,44,,,0,70,,7820,44,,,0,31,,7818,44,,,0,71,,7800,44,,,0,30,,7805,44,,,0,15,,7804,44,,,0,55,,7806,44,,,0,15,,7807,44,,,0,15,,7808,44,,,0,15,,7809,44,,,0,55,,7810,44,,,0,15,,7811,44,,,0,15,,7812,44,,,0,15,,7813,44,,,0,55,,7814,44,,,0,15,,7815,44,,,0,15,,7816,44,,,0,15,,7817,44,,,0,55,,7803,44,,,0,15,,7801,44,,,0,15,,7795,44,,,0,15,,7778,44,,,0,55,,7788,44,,,0,15,,7790,44,,,0,15,,7793,44,,,0,15,,7783,44,,,0,55,,7797,44,,,0,15,,7787,44,,,0,15,,7791,44,,,0,15,,7779,44,,,0,55,,7784,44,,,0,15,,7798,44,,,0,15,,7786,44,,,0,10,,7792,44,,,0,59,,7785,44,,,0,30,,7781,44,,,0,70,,7796,44,,,0,28,,7780,44,,,0,70,,7789,44,,,0,30,,7799,44,,,0,70,,7782,44,,,0,30,,7794,44,,,0
1001,'Weekday',537,,9657,44,,,0,68,,9658,44,,,0,30,,9659,44,,,0,15,,9692,44,,,0,55,,9660,44,,,0,15,,9693,44,,,0,17,,9661,44,,,0,15,,9694,44,,,0,55,,9662,44,,,0,20,,9695,44,,,0,15,,9663,44,,,0,15,,9696,44,,,0,55,,9664,44,,,0,16,,9697,44,,,0,15,,9665,44,,,0,15,,9698,44,,,0,55,,9666,44,,,0,15,,9699,44,,,0,15,,9667,44,,,0,15,,9700,44,,,0,55,,9668,44,,,0,15,,9701,44,,,0,15,,9669,44,,,0,15,,9702,44,,,0,55,,9670,44,,,0,15,,9703,44,,,0,15,,9671,44,,,0,15,,9704,44,,,0,55,,9672,44,,,0,15,,9705,44,,,0,15,,9673,44,,,0,15,,9706,44,,,0,55,,9674,44,,,0,16,,9707,44,,,0,15,,9675,44,,,0,15,,9708,44,,,0,55,,9676,44,,,0,15,,9709,44,,,0,12,,9677,44,,,0,15,,9710,44,,,0,55,,9678,44,,,0,15,,9711,44,,,0,15,,9679,44,,,0,15,,9712,44,,,0,52,,9680,44,,,0,15,,9713,44,,,0,15,,9681,44,,,0,18,,9714,44,,,0,55,,9682,44,,,0,13,,9715,44,,,0,18,,9683,44,,,0,15,,9716,44,,,0,55,,9684,44,,,0,30,,9685,44,,,0,70,,9686,44,,,0,30,,9687,44,,,0,70,,9688,44,,,0,29,,9689,44,,,0,70,,9690,44,,,0,30,,9691,44,,,0
5201,'Saturday',2338,,8895,16,,,0,98,,8894,16,,,0
5201,'Weekday',2348,,10019,16,,,0,88,,10018,16,,,0
