1000,'Holiday21111111',824,,7427,36,,,0,30,,7421,36,,,0,70,,7426,36,,,0,29,,7418,36,,,0,70,,7420,36,,,0,30,,7398,36,,,0,55,,7386,36,,,0,15,,7389,36,,,0,15,,7408,36,,,0,15,,7406,36,,,0,55,,7399,36,,,0,15,,7405,36,,,0,15,,7390,36,,,0,15,,7409,36,,,0,55,,7397,36,,,0,15,,7400,36,,,0,15,,7415,36,,,0,15,,7391,36,,,0,55,,7410,36,,,0,15,,7404,36,,,0,15,,7401,36,,,0,15,,7395,36,,,0,55,,7392,36,,,0,15,,7411,36,,,0,15,,7388,36,,,0,15,,7402,36,,,0,55,,7414,36,,,0,15,,7393,36,,,0,15,,7412,36,,,0,15,,7407,36,,,0,55,,7403,36,,,0,15,,7387,36,,,0,15,,7394,36,,,0,15,,7413,36,,,0,55,,7396,36,,,0,15,,7385,36,,,0,30,,7416,36,,,0,67,,7422,36,,,0,30,,7417,36,,,0,70,,7423,36,,,0,30,,7419,36,,,0,70,,7424,36,,,0,30,,7425,36,,,0
1000,'Saturday',720,,7485,36,,,0,30,,7486,36,,,0,70,,7487,36,,,0,30,,7488,36,,,0,70,,7489,36,,,0,18,,7529,36,,,0,15,,7490,36,,,0,55,,7491,36,,,0,15,,7492,36,,,0,15,,7493,36,,,0,15,,7494,36,,,0,55,,7495,36,,,0,15,,7496,36,,,0,15,,7497,36,,,0,15,,7498,36,,,0,55,,7499,36,,,0,15,,7500,36,,,0,15,,7501,36,,,0,15,,7502,36,,,0,55,,7503,36,,,0,15,,7504,36,,,0,15,,7505,36,,,0,15,,7506,36,,,0,55,,7507,36,,,0,15,,7508,36,,,0,15,,7509,36,,,0,15,,7510,36,,,0,55,,7511,36,,,0,15,,7512,36,,,0,15,,7513,36,,,0,15,,7514,36,,,0,55,,7515,36,,,0,15,,7516,36,,,0,15,,7517,36,,,0,15,,7518,36,,,0,55,,7519,36,,,0,15,,7520,36,,,0,15,,7521,36,,,0,15,,7522,36,,,0,55,,7523,36,,,0,15,,7524,36,,,0,15,,7525,36,,,0,15,,7526,36,,,0,67,,7527,36,,,0,30,,7528,36,,,0,70,,7481,36,,,0,30,,7479,36,,,0,70,,7483,36,,,0,30,,7482,36,,,0,70,,7480,36,,,0,30,,7484,36,,,0
1000,'Sunday',824,,7572,36,,,0,30,,7566,36,,,0,70,,7571,36,,,0,29,,7563,36,,,0,70,,7565,36,,,0,30,,7543,36,,,0,55,,7531,36,,,0,15,,7534,36,,,0,15,,7553,36,,,0,15,,7551,36,,,0,55,,7544,36,,,0,15,,7550,36,,,0,15,,7535,36,,,0,15,,7554,36,,,0,55,,7542,36,,,0,15,,7545,36,,,0,15,,7560,36,,,0,15,,7536,36,,,0,55,,7555,36,,,0,15,,7549,36,,,0,15,,7546,36,,,0,15,,7540,36,,,0,55,,7537,36,,,0,15,,7556,36,,,0,15,,7533,36,,,0,15,,7547,36,,,0,55,,7559,36,,,0,15,,7538,36,,,0,15,,7557,36,,,0,15,,7552,36,,,0,55,,7548,36,,,0,15,,7532,36,,,0,15,,7539,36,,,0,15,,7558,36,,,0,55,,7541,36,,,0,15,,7530,36,,,0,30,,7561,36,,,0,67,,7567,36,,,0,30,,7562,36,,,0,70,,7568,36,,,0,30,,7564,36,,,0,70,,7569,36,,,0,30,,7570,36,,,0
1000,'Weekday',514,,9605,36,,,0,30,,9614,36,,,0,66,,9600,36,,,0,27,,9631,36,,,0,15,,9628,36,,,0,55,,9632,36,,,0,10,,9624,36,,,0,18,,9633,36,,,0,15,,9609,36,,,0,56,,9634,36,,,0,15,,9615,36,,,0,17,,9635,36,,,0,15,,9595,36,,,0,55,,9636,36,,,0,14,,9621,36,,,0,15,,9637,36,,,0,15,,9630,36,,,0,55,,9638,36,,,0,15,,9627,36,,,0,15,,9639,36,,,0,15,,9616,36,,,0,55,,9640,36,,,0,15,,9612,36,,,0,15,,9641,36,,,0,15,,9604,36,,,0,55,,9642,36,,,0,18,,9613,36,,,0,12,,9643,36,,,0,15,,9599,36,,,0,55,,9644,36,,,0,15,,9617,36,,,0,15,,9645,36,,,0,15,,9629,36,,,0,55,,9646,36,,,0,17,,9603,36,,,0,15,,9647,36,,,0,15,,9626,36,,,0,57,,9648,36,,,0,15,,9623,36,,,0,15,,9649,36,,,0,15,,9618,36,,,0,56,,9650,36,,,0,11,,9622,36,,,0,16,,9651,36,,,0,14,,9611,36,,,0,58,,9652,36,,,0,15,,9606,36,,,0,15,,9653,36,,,0,15,,9608,36,,,0,55,,9654,36,,,0,12,,9619,36,,,0,15,,9655,36,,,0,12,,9607,36,,,0,55,,9656,36,,,0,15,,9602,36,,,0,30,,9625,36,,,0,70,,9610,36,,,0,30,,9620,36,,,0,70,,9596,36,,,0,30,,9598,36,,,0,69,,9601,36,,,0,30,,9597,36,,,0
2501,'Holiday21111111',759,,8697,25,,,0,70,,8686,25,,,0,30,,8698,25,,,0,70,,8687,25,,,0,30,,8699,25,,,0,70,,8688,25,,,0,30,,8700,25,,,0,70,,8689,25,,,0,30,,8701,25,,,0,70,,8690,25,,,0,30,,8702,25,,,0,70,,8691,25,,,0,30,,8703,25,,,0,70,,8692,25,,,0,30,,8704,25,,,0,70,,8693,25,,,0,30,,8705,25,,,0,70,,8694,25,,,0,30,,8706,25,,,0,70,,8695,25,,,0,30,,8707,25,,,0,70,,8696,25,,,0,30,,8708,25,,,0,70,,8709,25,,,0,30,,8710,25,,,0,70,,8711,25,,,0,30,,8712,25,,,0,70,,8713,25,,,0
2501,'Saturday',729,,8756,25,,,0,30,,8757,25,,,0,70,,8755,25,,,0,30,,8758,25,,,0,70,,8754,25,,,0,30,,8759,25,,,0,70,,8753,25,,,0,30,,8760,25,,,0,70,,8752,25,,,0,30,,8761,25,,,0,70,,8751,25,,,0,30,,8762,25,,,0,70,,8750,25,,,0,30,,8763,25,,,0,70,,8749,25,,,0,30,,8764,25,,,0,70,,8748,25,,,0,30,,8765,25,,,0,70,,8747,25,,,0,30,,8766,25,,,0,70,,8746,25,,,0,30,,8767,25,,,0,70,,8745,25,,,0,30,,8768,25,,,0,70,,8744,25,,,0,30,,8769,25,,,0,70,,8771,25,,,0,30,,8770,25,,,0,70,,8772,25,,,0,30,,8773,25,,,0
2501,'Sunday',759,,8785,25,,,0,70,,8774,25,,,0,30,,8786,25,,,0,70,,8775,25,,,0,30,,8787,25,,,0,70,,8776,25,,,0,30,,8788,25,,,0,70,,8777,25,,,0,30,,8789,25,,,0,70,,8778,25,,,0,30,,8790,25,,,0,70,,8779,25,,,0,30,,8791,25,,,0,70,,8780,25,,,0,30,,8792,25,,,0,70,,8781,25,,,0,30,,8793,25,,,0,70,,8782,25,,,0,30,,8794,25,,,0,70,,8783,25,,,0,30,,8795,25,,,0,70,,8784,25,,,0,30,,8796,25,,,0,70,,8797,25,,,0,30,,8798,25,,,0,70,,8799,25,,,0,30,,8800,25,,,0,70,,8801,25,,,0
2501,'Weekday',522,,9952,25,,,0,35,,9953,25,,,0,65,,9954,25,,,0,25,,9955,25,,,0,71,,9956,25,,,0,16,,9957,25,,,0,15,,9958,25,,,0,55,,9959,25,,,0,16,,9960,25,,,0,15,,9961,25,,,0,15,,9962,25,,,0,55,,9963,25,,,0,28,,9964,25,,,0,70,,9965,25,,,0,30,,9966,25,,,0,71,,9967,25,,,0,30,,9968,25,,,0,70,,9969,25,,,0,30,,9970,25,,,0,70,,9971,25,,,0,31,,9972,25,,,0,69,,9973,25,,,0,30,,9974,25,,,0,19,,9975,25,,,0,54,,9976,25,,,0,17,,9977,25,,,0,15,,9978,25,,,0,15,,9979,25,,,0,55,,9980,25,,,0,16,,9981,25,,,0,15,,9982,25,,,0,15,,9983,25,,,0,55,,9984,25,,,0,15,,9985,25,,,0,15,,9986,25,,,0,13,,9987,25,,,0,55,,9988,25,,,0,28,,9989,25,,,0,70,,9990,25,,,0,28,,9991,25,,,0,70,,9992,25,,,0,30,,9993,25,,,0,69,,9994,25,,,0,30,,9995,25,,,0,69,,9996,25,,,0,30,,9997,25,,,0,69,,9998,25,,,0,30,,9999,25,,,0
5000,'Saturday',2316,,8854,35,,,0,100,,8853,35,,,0,100,,8855,35,0,8 4 9 10,0
5000,'Weekday',2326,,10005,35,,,0,90,,10004,35,,,0,100,,10006,35,0,8 4 9 10,0
