100,'Holiday21111111',706,,5648,31,,,0,15,,5649,31,,,0,15,,5650,31,,,0,15,,5651,31,,,0,55,,5652,31,,,0,15,,5653,31,,,0,15,,5654,31,,,0,15,,5655,31,,,0,55,,5656,31,,,0,17,,5657,31,,,0,15,,5658,31,,,0,15,,5659,31,,,0,55,,5615,31,,,0,15,,5627,31,,,0,15,,5611,31,,,0,15,,5616,31,,,0,55,,5641,31,,,0,15,,5637,31,,,0,15,,5628,31,,,0,15,,5635,31,,,0,55,,5617,31,,,0,15,,5642,31,,,0,15,,5623,31,,,0,15,,5629,31,,,0,55,,5638,31,,,0,15,,5618,31,,,0,15,,5643,31,,,0,15,,5634,31,,,0,55,,5639,31,,,0,15,,5630,31,,,0,15,,5622,31,,,0,15,,5619,31,,,0,55,,5644,31,,,0,15,,5624,31,,,0,15,,5613,31,,,0,15,,5631,31,,,0,55,,5610,31,,,0,15,,5620,31,,,0,15,,5645,31,,,0,15,,5636,31,,,0,55,,5625,31,,,0,15,,5632,31,,,0,15,,5612,31,,,0,15,,5621,31,,,0,55,,5646,31,,,0,13,,5614,31,,,0,18,,5647,31,,,0,18,,5633,31,,,0,49,,5626,31,,,0,21,,5640,31,,,0,30,,5607,31,,,0,70,,5605,31,,,0,30,,5606,31,,,0,70,,5608,31,,,0,30,,5609,31,,,0,70,,5660,31,,,0,30,,5661,31,,,0
100,'Saturday',651,,5774,31,,,0,55,,5775,31,,,0,15,,5776,31,,,0,15,,5777,31,,,0,15,,5778,31,,,0,55,,5779,31,,,0,17,,5780,31,,,0,15,,5781,31,,,0,15,,5782,31,,,0,55,,5783,31,,,0,16,,5784,31,,,0,16,,5785,31,,,0,15,,5786,31,,,0,55,,5763,31,,,0,15,,5750,31,,,0,15,,5757,31,,,0,15,,5740,31,,,0,55,,5764,31,,,0,15,,5748,31,,,0,13,,5787,31,,,0,14,,5751,31,,,0,54,,5747,31,,,0,14,,5741,31,,,0,14,,5765,31,,,0,14,,5772,31,,,0,54,,5752,31,,,0,14,,5788,31,,,0,14,,5746,31,,,0,14,,5742,31,,,0,14,,5738,31,,,0,54,,5739,31,,,0,14,,5753,31,,,0,14,,5770,31,,,0,14,,5789,31,,,0,54,,5766,31,,,0,14,,5760,31,,,0,14,,5762,31,,,0,14,,5754,31,,,0,54,,5737,31,,,0,14,,5743,31,,,0,14,,5790,31,,,0,15,,5767,31,,,0,53,,5759,31,,,0,15,,5749,31,,,0,14,,5755,31,,,0,15,,5758,31,,,0,13,,5744,31,,,0,53,,5768,31,,,0,12,,5773,31,,,0,15,,5761,31,,,0,15,,5756,31,,,0,55,,5771,31,,,0,15,,5745,31,,,0,15,,5769,31,,,0,15,,5727,31,,,0,70,,5731,31,,,0,30,,5734,31,,,0,70,,5728,31,,,0,30,,5732,31,,,0,70,,5735,31,,,0,30,,5729,31,,,0,70,,5733,31,,,0,29,,5736,31,,,0,68,,5730,31,,,0,26,,5791,31,,,0
100,'Sunday',651,,5836,31,,,0,55,,5837,31,,,0,15,,5838,31,,,0,15,,5839,31,,,0,15,,5840,31,,,0,55,,5841,31,,,0,17,,5842,31,,,0,15,,5843,31,,,0,15,,5844,31,,,0,55,,5845,31,,,0,16,,5846,31,,,0,16,,5847,31,,,0,15,,5848,31,,,0,55,,5825,31,,,0,15,,5812,31,,,0,15,,5819,31,,,0,15,,5802,31,,,0,55,,5826,31,,,0,15,,5810,31,,,0,13,,5849,31,,,0,14,,5813,31,,,0,54,,5809,31,,,0,14,,5803,31,,,0,14,,5827,31,,,0,14,,5834,31,,,0,54,,5814,31,,,0,14,,5850,31,,,0,14,,5808,31,,,0,14,,5804,31,,,0,14,,5800,31,,,0,54,,5801,31,,,0,14,,5815,31,,,0,14,,5832,31,,,0,14,,5851,31,,,0,54,,5828,31,,,0,14,,5822,31,,,0,14,,5824,31,,,0,14,,5816,31,,,0,54,,5799,31,,,0,14,,5805,31,,,0,14,,5852,31,,,0,15,,5829,31,,,0,53,,5821,31,,,0,15,,5811,31,,,0,14,,5817,31,,,0,15,,5820,31,,,0,13,,5806,31,,,0,53,,5830,31,,,0,12,,5835,31,,,0,15,,5823,31,,,0,15,,5818,31,,,0,55,,5833,31,,,0,15,,5807,31,,,0,18,,5831,31,,,0,18,,5792,31,,,0,70,,5795,31,,,0,30,,5797,31,,,0,70,,5793,31,,,0,30,,5796,31,,,0,70,,5798,31,,,0,30,,5794,31,,,0
100,'Weekday',506,,9120,31,,,0,15,,9121,31,,,0,12,,9122,31,,,0,12,,9123,31,,,0,14,,9124,31,,,0,52,,9125,31,,,0,12,,9126,31,,,0,12,,9127,31,,,0,12,,9112,31,,,0,53,,9113,31,,,0,12,,9116,31,,,0,12,,9128,31,,,0,12,,9117,31,,,0,12,,9118,31,,,0,54,,9114,31,,,0,12,,9119,31,,,0,12,,9115,31,,,0,12,,9057,31,,,0,12,,9050,31,,,0,52,,9077,31,,,0,12,,9053,31,,,0,12,,9065,31,,,0,12,,9049,31,,,0,12,,9054,31,,,0,52,,9052,31,,,0,12,,9056,31,,,0,12,,9051,31,,,0,12,,9064,31,,,0,12,,9055,31,,,0,52,,9058,31,,,0,12,,9070,31,,,0,12,,9059,31,,,0,13,,9063,31,,,0,12,,9071,31,,,0,52,,9076,31,,,0,12,,9069,31,,,0,13,,9075,31,,,0,12,,9068,31,,,0,12,,9060,31,,,0,52,,9061,31,,,0,12,,9072,31,,,0,12,,9073,31,,,0,12,,9062,31,,,0,12,,9074,31,,,0,52,,9067,31,,,0,12,,9131,31,,,0,12,,9066,31,,,0,10,,9109,31,,,0,12,,9110,31,,,0,50,,9111,31,,,0,10,,9108,31,,,0,10,,9096,31,,,0,10,,9129,31,,,0,10,,9097,31,,,0,10,,9098,31,,,0,50,,9099,31,,,0,8,,9100,31,,,0,11,,9101,31,,,0,12,,9086,31,,,0,10,,9088,31,,,0,12,,9080,31,,,0,52,,9087,31,,,0,10,,9082,31,,,0,12,,9089,31,,,0,12,,9092,31,,,0,12,,9090,31,,,0,7,,9094,31,,,0,50,,9085,31,,,0,10,,9095,31,,,0,10,,9081,31,,,0,10,,9083,31,,,0,10,,9084,31,,,0,10,,9093,31,,,0,50,,9091,31,,,0,10,,9107,31,,,0,9,,9102,31,,,0,12,,9106,31,,,0,12,,9103,31,,,0,52,,9105,31,,,0,12,,9104,31,,,0,12,,9130,31,,,0,10,,9032,31,,,0,14,,9033,31,,,0,55,,9034,31,,,0,13,,9035,31,,,0,15,,9036,31,,,0,15,,9037,31,,,0,55,,9038,31,,,0,15,,9039,31,,,0,15,,9046,31,,,0,15,,9040,31,,,0,55,,9047,31,,,0,20,,9041,31,,,0,15,,9044,31,,,0,15,,9042,31,,,0,55,,9045,31,,,0,15,,9043,31,,,0,15,,9079,31,,,0,15,,9048,31,,,0,55,,9078,31,,,0
200,'Holiday21111111',752,,6300,11,,,0,100,,6301,11,,,0,71,,6324,11,,,0,30,,6302,11,,,0,70,,6313,11,,,0,30,,6303,11,,,0,70,,6314,11,,,0,30,,6304,11,,,0,70,,6315,11,,,0,30,,6305,11,,,0,70,,6316,11,,,0,30,,6306,11,,,0,70,,6317,11,,,0,30,,6307,11,,,0,70,,6318,11,,,0,30,,6308,11,,,0,70,,6319,11,,,0,30,,6309,11,,,0,70,,6320,11,,,0,30,,6310,11,,,0,69,,6321,11,,,0,30,,6311,11,,,0,73,,6322,11,,,0,30,,6312,11,,,0,70,,6323,11,,,0,30,,6325,11,,,0,70,,6326,11,,,0
200,'Saturday',622,,6364,11,,,0,100,,6365,11,,,0,100,,6366,11,,,0,101,,6367,11,,,0,30,,6380,11,,,0,60,,6368,11,,,0,20,,6394,11,,,0,20,,6381,11,,,0,60,,6369,11,,,0,20,,6395,11,,,0,20,,6382,11,,,0,60,,6370,11,,,0,20,,6396,11,,,0,25,,6383,11,,,0,60,,6371,11,,,0,20,,6397,11,,,0,20,,6384,11,,,0,60,,6372,11,,,0,20,,6398,11,,,0,20,,6385,11,,,0,65,,6373,11,,,0,20,,6399,11,,,0,60,,6386,11,,,0,20,,6374,11,,,0,20,,6400,11,,,0,60,,6387,11,,,0,20,,6375,11,,,0,30,,6388,11,,,0,70,,6376,11,,,0,30,,6389,11,,,0,69,,6377,11,,,0,30,,6390,11,,,0,70,,6378,11,,,0,30,,6391,11,,,0,70,,6379,11,,,0,30,,6392,11,,,0,100,,6393,11,,,0
200,'Sunday',752,,6401,11,,,0,100,,6402,11,,,0,101,,6403,11,,,0,60,,6414,11,,,0,20,,6427,11,,,0,20,,6404,11,,,0,60,,6415,11,,,0,20,,6428,11,,,0,20,,6405,11,,,0,60,,6416,11,,,0,20,,6429,11,,,0,25,,6406,11,,,0,60,,6417,11,,,0,20,,6430,11,,,0,20,,6407,11,,,0,60,,6418,11,,,0,20,,6431,11,,,0,20,,6408,11,,,0,65,,6419,11,,,0,20,,6432,11,,,0,60,,6409,11,,,0,20,,6420,11,,,0,20,,6433,11,,,0,60,,6410,11,,,0,20,,6421,11,,,0,30,,6411,11,,,0,70,,6422,11,,,0,30,,6412,11,,,0,69,,6423,11,,,0,30,,6413,11,,,0,70,,6424,11,,,0,30,,6425,11,,,0,70,,6426,11,,,0
200,'Weekday',449,,9233,11,,,0,66,,9235,11,,,0,30,,9237,11,,,0,71,,9266,11,,,0,15,,9239,11,,,0,15,,9240,11,,,0,55,,9267,11,,,0,15,,9241,11,,,0,15,,9242,11,,,0,15,,9243,11,,,0,55,,9244,11,,,0,15,,9245,11,,,0,15,,9268,11,,,0,15,,9246,11,,,0,55,,9269,11,,,0,15,,9247,11,,,0,15,,9248,11,,,0,15,,9270,11,,,0,57,,9271,11,,,0,15,,9272,11,,,0,15,,9249,11,,,0,15,,9273,11,,,0,55,,9274,11,,,0,16,,9250,11,,,0,15,,9275,11,,,0,15,,9251,11,,,0,55,,9252,11,,,0,15,,9276,11,,,0,15,,9277,11,,,0,15,,9253,11,,,0,55,,9254,11,,,0,15,,9278,11,,,0,15,,9279,11,,,0,15,,9255,11,,,0,55,,9280,11,,,0,15,,9281,11,,,0,15,,9256,11,,,0,15,,9282,11,,,0,55,,9283,11,,,0,15,,9284,11,,,0,15,,9257,11,,,0,15,,9258,11,,,0,55,,9259,11,,,0,15,,9285,11,,,0,15,,9286,11,,,0,15,,9287,11,,,0,56,,9288,11,,,0,15,,9260,11,,,0,15,,9289,11,,,0,13,,9261,11,,,0,55,,9290,11,,,0,14,,9262,11,,,0,15,,9291,11,,,0,19,,9292,11,,,0,70,,9293,11,,,0,30,,9265,11,,,0,70,,9263,11,,,0,30,,9234,11,,,0,70,,9264,11,,,0,31,,9236,11,,,0,70,,9238,11,,,0,30,,9294,11,,,0
201,'Holiday21111111',749,,6496,26,,,0,100,,6497,26,,,0,70,,6520,26,,,0,30,,6498,26,,,0,70,,6509,26,,,0,30,,6499,26,,,0,70,,6510,26,,,0,30,,6500,26,,,0,70,,6511,26,,,0,30,,6501,26,,,0,70,,6512,26,,,0,30,,6502,26,,,0,70,,6513,26,,,0,30,,6503,26,,,0,70,,6514,26,,,0,30,,6504,26,,,0,70,,6515,26,,,0,30,,6505,26,,,0,70,,6516,26,,,0,30,,6506,26,,,0,72,,6517,26,,,0,30,,6507,26,,,0,70,,6518,26,,,0,33,,6508,26,,,0,70,,6519,26,,,0,30,,6522,26,,,0,70,,6523,26,,,0,30,,6521,26,,,0
201,'Saturday',649,,6562,26,,,0,100,,6563,26,,,0,100,,6564,26,,,0,70,,6592,26,,,0,30,,6565,26,,,0,72,,6579,26,,,0,20,,6566,26,,,0,60,,6593,26,,,0,20,,6580,26,,,0,20,,6567,26,,,0,60,,6594,26,,,0,25,,6581,26,,,0,20,,6568,26,,,0,60,,6595,26,,,0,20,,6582,26,,,0,20,,6569,26,,,0,60,,6596,26,,,0,20,,6583,26,,,0,20,,6570,26,,,0,65,,6597,26,,,0,20,,6584,26,,,0,20,,6571,26,,,0,60,,6598,26,,,0,20,,6585,26,,,0,20,,6572,26,,,0,60,,6599,26,,,0,20,,6586,26,,,0,20,,6573,26,,,0,68,,6587,26,,,0,30,,6574,26,,,0,70,,6588,26,,,0,30,,6575,26,,,0,70,,6589,26,,,0,30,,6576,26,,,0,70,,6590,26,,,0,30,,6577,26,,,0,70,,6591,26,,,0,30,,6578,26,,,0
201,'Sunday',749,,6600,26,,,0,100,,6601,26,,,0,70,,6624,26,,,0,30,,6602,26,,,0,72,,6613,26,,,0,20,,6603,26,,,0,60,,6633,26,,,0,20,,6614,26,,,0,20,,6604,26,,,0,60,,6634,26,,,0,25,,6615,26,,,0,20,,6605,26,,,0,60,,6632,26,,,0,20,,6616,26,,,0,20,,6606,26,,,0,60,,6630,26,,,0,20,,6617,26,,,0,20,,6607,26,,,0,65,,6628,26,,,0,20,,6618,26,,,0,20,,6608,26,,,0,60,,6629,26,,,0,20,,6619,26,,,0,20,,6609,26,,,0,60,,6631,26,,,0,20,,6620,26,,,0,20,,6610,26,,,0,68,,6621,26,,,0,30,,6611,26,,,0,70,,6622,26,,,0,30,,6612,26,,,0,70,,6623,26,,,0,30,,6625,26,,,0,70,,6626,26,,,0,30,,6627,26,,,0
201,'Weekday',517,,9319,26,,,0,27,,9320,26,,,0,70,,9321,26,,,0,15,,9322,26,,,0,15,,9296,26,,,0,15,,9323,26,,,0,55,,9324,26,,,0,17,,9297,26,,,0,15,,9325,26,,,0,55,,9298,26,,,0,15,,9299,26,,,0,15,,9326,26,,,0,15,,9327,26,,,0,55,,9328,26,,,0,15,,9300,26,,,0,15,,9329,26,,,0,15,,9301,26,,,0,60,,9330,26,,,0,15,,9331,26,,,0,15,,9332,26,,,0,15,,9333,26,,,0,55,,9302,26,,,0,15,,9334,26,,,0,15,,9335,26,,,0,15,,9303,26,,,0,55,,9336,26,,,0,15,,9337,26,,,0,15,,9304,26,,,0,15,,9338,26,,,0,55,,9305,26,,,0,15,,9339,26,,,0,15,,9306,26,,,0,15,,9307,26,,,0,55,,9340,26,,,0,15,,9341,26,,,0,15,,9308,26,,,0,15,,9342,26,,,0,55,,9343,26,,,0,18,,9344,26,,,0,15,,9345,26,,,0,15,,9309,26,,,0,55,,9346,26,,,0,15,,9310,26,,,0,15,,9347,26,,,0,15,,9311,26,,,0,55,,9348,26,,,0,15,,9349,26,,,0,15,,9350,26,,,0,15,,9351,26,,,0,55,,9352,26,,,0,12,,9312,26,,,0,17,,9353,26,,,0,16,,9313,26,,,0,69,,9315,26,,,0,30,,9317,26,,,0,70,,9354,26,,,0,30,,9316,26,,,0,70,,9314,26,,,0,30,,9318,26,,,0,69,,9355,26,,,0,30,,9295,26,,,0
1001,'Holiday21111111',821,,7659,62,,,0,30,,7676,62,,,0,70,,7677,62,,,0,32,,7675,62,,,0,72,,7657,62,,,0,30,,7662,62,,,0,55,,7661,62,,,0,15,,7663,62,,,0,15,,7664,62,,,0,15,,7665,62,,,0,55,,7666,62,,,0,15,,7667,62,,,0,15,,7668,62,,,0,15,,7669,62,,,0,55,,7670,62,,,0,15,,7671,62,,,0,15,,7672,62,,,0,15,,7673,62,,,0,55,,7674,62,,,0,15,,7660,62,,,0,15,,7658,62,,,0,15,,7652,62,,,0,55,,7635,62,,,0,15,,7645,62,,,0,15,,7647,62,,,0,15,,7650,62,,,0,55,,7640,62,,,0,15,,7654,62,,,0,15,,7644,62,,,0,15,,7648,62,,,0,55,,7636,62,,,0,15,,7641,62,,,0,15,,7655,62,,,0,15,,7643,62,,,0,50,,7649,62,,,0,19,,7642,62,,,0,30,,7638,62,,,0,70,,7653,62,,,0,28,,7637,62,,,0,68,,7646,62,,,0,30,,7656,62,,,0,70,,7639,62,,,0,30,,7651,62,,,0
1001,'Saturday',751,,7770,62,,,0,70,,7771,62,,,0,30,,7772,62,,,0,70,,7773,62,,,0,32,,7774,62,,,0,57,,7776,62,,,0,15,,7775,62,,,0,15,,7777,62,,,0,15,,7761,62,,,0,55,,7769,62,,,0,15,,7746,62,,,0,15,,7753,62,,,0,15,,7734,62,,,0,55,,7762,62,,,0,15,,7743,62,,,0,15,,7747,62,,,0,15,,7754,62,,,0,55,,7735,62,,,0,15,,7763,62,,,0,15,,7758,62,,,0,15,,7748,62,,,0,55,,7755,62,,,0,15,,7736,62,,,0,15,,7764,62,,,0,15,,7757,62,,,0,55,,7749,62,,,0,15,,7742,62,,,0,15,,7737,62,,,0,15,,7765,62,,,0,55,,7744,62,,,0,15,,7750,62,,,0,15,,7741,62,,,0,15,,7738,62,,,0,55,,7766,62,,,0,15,,7759,62,,,0,15,,7751,62,,,0,15,,7756,62,,,0,55,,7739,62,,,0,15,,7767,62,,,0,14,,7760,62,,,0,15,,7752,62,,,0,55,,7745,62,,,0,15,,7740,62,,,0,28,,7768,62,,,0,68,,7728,62,,,0,30,,7732,62,,,0,70,,7730,62,,,0,30,,7729,62,,,0,70,,7733,62,,,0,30,,7731,62,,,0
1001,'Sunday',821,,7802,62,,,0,30,,7819,62,,,0,70,,7820,62,,,0,32,,7818,62,,,0,72,,7800,62,,,0,30,,7805,62,,,0,55,,7804,62,,,0,15,,7806,62,,,0,15,,7807,62,,,0,15,,7808,62,,,0,55,,7809,62,,,0,15,,7810,62,,,0,15,,7811,62,,,0,15,,7812,62,,,0,55,,7813,62,,,0,15,,7814,62,,,0,15,,7815,62,,,0,15,,7816,62,,,0,55,,7817,62,,,0,15,,7803,62,,,0,15,,7801,62,,,0,15,,7795,62,,,0,55,,7778,62,,,0,15,,7788,62,,,0,15,,7790,62,,,0,15,,7793,62,,,0,55,,7783,62,,,0,15,,7797,62,,,0,15,,7787,62,,,0,15,,7791,62,,,0,55,,7779,62,,,0,15,,7784,62,,,0,15,,7798,62,,,0,15,,7786,62,,,0,50,,7792,62,,,0,19,,7785,62,,,0,30,,7781,62,,,0,70,,7796,62,,,0,28,,7780,62,,,0,68,,7789,62,,,0,30,,7799,62,,,0,70,,7782,62,,,0,30,,7794,62,,,0
1001,'Weekday',548,,9657,62,,,0,68,,9658,62,,,0,30,,9659,62,,,0,55,,9692,62,,,0,15,,9660,62,,,0,15,,9693,62,,,0,19,,9661,62,,,0,55,,9694,62,,,0,15,,9662,62,,,0,20,,9695,62,,,0,15,,9663,62,,,0,55,,9696,62,,,0,15,,9664,62,,,0,16,,9697,62,,,0,15,,9665,62,,,0,55,,9698,62,,,0,15,,9666,62,,,0,15,,9699,62,,,0,15,,9667,62,,,0,55,,9700,62,,,0,15,,9668,62,,,0,15,,9701,62,,,0,15,,9669,62,,,0,55,,9702,62,,,0,15,,9670,62,,,0,15,,9703,62,,,0,15,,9671,62,,,0,55,,9704,62,,,0,15,,9672,62,,,0,15,,9705,62,,,0,15,,9673,62,,,0,55,,9706,62,,,0,15,,9674,62,,,0,18,,9707,62,,,0,15,,9675,62,,,0,55,,9708,62,,,0,15,,9676,62,,,0,17,,9709,62,,,0,12,,9677,62,,,0,55,,9710,62,,,0,15,,9678,62,,,0,15,,9711,62,,,0,15,,9679,62,,,0,55,,9712,62,,,0,12,,9680,62,,,0,15,,9713,62,,,0,13,,9681,62,,,0,58,,9714,62,,,0,15,,9682,62,,,0,11,,9715,62,,,0,18,,9683,62,,,0,55,,9716,62,,,0,15,,9684,62,,,0,30,,9685,62,,,0,70,,9686,62,,,0,30,,9687,62,,,0,70,,9688,62,,,0,26,,9689,62,,,0,70,,9690,62,,,0,30,,9691,62,,,0
1201,'Holiday21111111',819,,8381,31,,,0,100,,8382,31,,,0,30,,8380,31,,,0,70,,8383,31,,,0,33,,8379,31,,,0,67,,8384,31,,,0,30,,8378,31,,,0,70,,8385,31,,,0,30,,8377,31,,,0,70,,8386,31,,,0,30,,8376,31,,,0,70,,8387,31,,,0,33,,8375,31,,,0,67,,8388,31,,,0,30,,8374,31,,,0,70,,8389,31,,,0,30,,8373,31,,,0,70,,8390,31,,,0,30,,8372,31,,,0,73,,8397,31,,,0,30,,8398,31,,,0,70,,8394,31,,,0,30,,8393,31,,,0,68,,8392,31,,,0,30,,8391,31,,,0,70,,8396,31,,,0,30,,8395,31,,,0
1201,'Saturday',747,,8443,31,,,0,70,,8446,31,,,0,30,,8442,31,,,0,70,,8447,31,,,0,30,,8441,31,,,0,70,,8448,31,,,0,35,,8440,31,,,0,65,,8449,31,,,0,30,,8439,31,,,0,70,,8450,31,,,0,30,,8438,31,,,0,70,,8451,31,,,0,30,,8437,31,,,0,70,,8452,31,,,0,35,,8436,31,,,0,65,,8453,31,,,0,30,,8435,31,,,0,70,,8454,31,,,0,30,,8434,31,,,0,70,,8455,31,,,0,30,,8433,31,,,0,70,,8456,31,,,0,30,,8432,31,,,0,70,,8457,31,,,0,30,,8431,31,,,0,68,,8445,31,,,0,30,,8430,31,,,0,70,,8444,31,,,0,30,,8429,31,,,0,70,,8458,31,,,0
1201,'Sunday',817,,8468,31,,,0,100,,8469,31,,,0,30,,8467,31,,,0,70,,8470,31,,,0,35,,8466,31,,,0,65,,8471,31,,,0,30,,8465,31,,,0,70,,8472,31,,,0,30,,8464,31,,,0,70,,8473,31,,,0,30,,8463,31,,,0,70,,8474,31,,,0,35,,8462,31,,,0,65,,8475,31,,,0,30,,8461,31,,,0,70,,8476,31,,,0,30,,8460,31,,,0,70,,8477,31,,,0,30,,8459,31,,,0,70,,8478,31,,,0,35,,8479,31,,,0,70,,8480,31,,,0,30,,8481,31,,,0,68,,8482,31,,,0,30,,8483,31,,,0,70,,8484,31,,,0,30,,8485,31,,,0
1201,'Weekday',519,,9868,31,,,0,99,,9869,31,,,0,30,,9870,31,,,0,73,,9871,31,,,0,31,,9872,31,,,0,71,,9873,31,,,0,28,,9874,31,,,0,73,,9875,31,,,0,30,,9876,31,,,0,71,,9877,31,,,0,30,,9878,31,,,0,71,,9879,31,,,0,30,,9880,31,,,0,70,,9881,31,,,0,30,,9882,31,,,0,70,,9883,31,,,0,30,,9884,31,,,0,70,,9885,31,,,0,33,,9886,31,,,0,60,,9887,31,,,0,24,,9888,31,,,0,66,,9889,31,,,0,25,,9890,31,,,0,20,,9891,31,,,0,65,,9892,31,,,0,25,,9902,31,,,0,59,,9903,31,,,0,23,,9893,31,,,0,29,,9897,31,,,0,69,,9894,31,,,0,28,,9899,31,,,0,69,,9895,31,,,0,28,,9898,31,,,0,70,,9896,31,,,0,29,,9900,31,,,0,70,,9901,31,,,0
5201,'Saturday',2345,,8895,30,,,0,98,,8894,30,,,0
5201,'Weekday',2355,,10019,30,,,0,88,,10018,30,,,0
8700,'Weekday',610,,10132,19,,,0,45,,10133,19,,,0,85,,10134,19,,,0,86,,10135,19,,,0,85,,10136,19,,,0,602,,10137,19,,,0,45,,10138,19,,,0,85,,10139,19,,,0,85,,10140,19,,,0,85,,10141,19,,,0,43,,10142,19,,,0
