400,'Holiday21111111',1133,,7084,1,,,0,100,,7088,1,,,0,100,,7085,1,,,0,100,,7089,1,,,0,100,,7086,1,,,0,100,,7090,1,,,0,100,,7087,1,,,0
400,'Saturday',833,,7104,1,,,0,100,,7110,1,,,0,100,,7105,1,,,0,100,,7111,1,,,0,100,,7106,1,,,0,100,,7112,1,,,0,100,,7107,1,,,0,100,,7113,1,,,0,100,,7108,1,,,0,100,,7114,1,,,0,100,,7109,1,,,0,100,,7115,1,,,0,100,,7116,1,,,0
400,'Sunday',1133,,7117,1,,,0,100,,7121,1,,,0,100,,7118,1,,,0,100,,7122,1,,,0,100,,7119,1,,,0,100,,7123,1,,,0,100,,7120,1,,,0
400,'Weekday',535,,9480,1,,,0,100,,9481,1,,,0,100,,9482,1,,,0,23,,9483,1,,,0,77,,9484,1,,,0,70,,9485,1,,,0,30,,9486,1,,,0,70,,9487,1,,,0,30,,9488,1,,,0,70,,9489,1,,,0,30,,9490,1,,,0,70,,9491,1,,,0,30,,9492,1,,,0,70,,9493,1,,,0,30,,9494,1,,,0,70,,9495,1,,,0,30,,9496,1,,,0,70,,9497,1,,,0,30,,9498,1,,,0,70,,9499,1,,,0,30,,9500,1,,,0,70,,9501,1,,,0,33,,9502,1,,,0,70,,9506,1,,,0,30,,9503,1,,,0,97,,9504,1,,,0,100,,9505,1,,,0
401,'Holiday21111111',1126,,7158,74,4,,0,100,,7154,74,4,,0,100,,7151,74,4,,0,100,,7155,74,4,,0,100,,7152,74,4,,0,100,,7156,74,4,,0,100,,7153,74,4,,0,99,,7157,74,4,,0
401,'Saturday',1026,,7170,74,4,,0,100,,7175,74,4,,0,100,,7171,74,4,,0,100,,7176,74,4,,0,100,,7172,74,4,,0,100,,7177,74,4,,0,100,,7173,74,4,,0,100,,7178,74,4,,0,99,,7174,74,4,,0,100,,7179,74,4,,0,100,,7180,74,4,,0
401,'Sunday',1126,,7188,74,4,,0,100,,7184,74,4,,0,100,,7181,74,4,,0,100,,7185,74,4,,0,100,,7182,74,4,,0,100,,7186,74,4,,0,100,,7183,74,4,,0,99,,7187,74,4,,0
401,'Weekday',624,,9507,74,4,,0,101,,9508,74,4,,0,31,,9509,74,4,,0,70,,9510,74,4,,0,31,,9511,74,4,,0,70,,9512,74,4,,0,29,,9513,74,4,,0,70,,9514,74,4,,0,30,,9515,74,4,,0,70,,9516,74,4,,0,30,,9517,74,4,,0,70,,9518,74,4,,0,30,,9519,74,4,,0,70,,9520,74,4,,0,30,,9521,74,4,,0,70,,9522,74,4,,0,33,,9523,74,4,,0,70,,9524,74,4,,0,30,,9525,74,4,,0,74,,9526,74,4,,0,70,,9527,74,4,,0,26,,9528,74,4,,0,27,,9529,74,4,,0,70,,9530,74,4,,0,100,,9531,74,4,,0,99,,9532,74,4,,0
8700,'Weekday',552,,10132,1,,,0,85,,10133,1,,,0,85,,10134,1,,,0,85,,10135,1,,,0,45,,10136,1,,,0,600,,10137,1,,,0,85,,10138,1,,,0,85,,10139,1,,,0,85,,10140,1,,,0,45,,10141,1,,,0,85,,10142,1,,,0
8701,'Weekday',543,,10143,14,4,,0,85,,10144,14,4,,0,85,,10145,14,4,,0,87,,10146,14,4,,0,45,,10147,14,4,,0,601,,10148,14,4,,0,85,,10149,14,4,,0,85,,10150,14,4,,0,85,,10151,14,4,,0,45,,10152,14,4,,0,83,,10153,14,4,,0
