1000,'Holiday21111111',822,,7427,33,,,0,30,,7421,33,,,0,70,,7426,33,,,0,29,,7418,33,,,0,70,,7420,33,,,0,30,,7398,33,,,0,55,,7386,33,,,0,15,,7389,33,,,0,15,,7408,33,,,0,15,,7406,33,,,0,55,,7399,33,,,0,15,,7405,33,,,0,15,,7390,33,,,0,15,,7409,33,,,0,55,,7397,33,,,0,15,,7400,33,,,0,15,,7415,33,,,0,15,,7391,33,,,0,55,,7410,33,,,0,15,,7404,33,,,0,15,,7401,33,,,0,15,,7395,33,,,0,55,,7392,33,,,0,15,,7411,33,,,0,15,,7388,33,,,0,15,,7402,33,,,0,55,,7414,33,,,0,15,,7393,33,,,0,15,,7412,33,,,0,15,,7407,33,,,0,55,,7403,33,,,0,15,,7387,33,,,0,15,,7394,33,,,0,15,,7413,33,,,0,55,,7396,33,,,0,15,,7385,33,,,0,30,,7416,33,,,0,67,,7422,33,,,0,30,,7417,33,,,0,70,,7423,33,,,0,30,,7419,33,,,0,70,,7424,33,,,0,30,,7425,33,,,0
1000,'Saturday',718,,7485,33,,,0,30,,7486,33,,,0,70,,7487,33,,,0,30,,7488,33,,,0,70,,7489,33,,,0,18,,7529,33,,,0,15,,7490,33,,,0,55,,7491,33,,,0,15,,7492,33,,,0,15,,7493,33,,,0,15,,7494,33,,,0,55,,7495,33,,,0,15,,7496,33,,,0,15,,7497,33,,,0,15,,7498,33,,,0,55,,7499,33,,,0,15,,7500,33,,,0,15,,7501,33,,,0,15,,7502,33,,,0,55,,7503,33,,,0,15,,7504,33,,,0,15,,7505,33,,,0,15,,7506,33,,,0,55,,7507,33,,,0,15,,7508,33,,,0,15,,7509,33,,,0,15,,7510,33,,,0,55,,7511,33,,,0,15,,7512,33,,,0,15,,7513,33,,,0,15,,7514,33,,,0,55,,7515,33,,,0,15,,7516,33,,,0,15,,7517,33,,,0,15,,7518,33,,,0,55,,7519,33,,,0,15,,7520,33,,,0,15,,7521,33,,,0,15,,7522,33,,,0,55,,7523,33,,,0,15,,7524,33,,,0,15,,7525,33,,,0,15,,7526,33,,,0,67,,7527,33,,,0,30,,7528,33,,,0,70,,7481,33,,,0,30,,7479,33,,,0,70,,7483,33,,,0,30,,7482,33,,,0,70,,7480,33,,,0,30,,7484,33,,,0
1000,'Sunday',822,,7572,33,,,0,30,,7566,33,,,0,70,,7571,33,,,0,29,,7563,33,,,0,70,,7565,33,,,0,30,,7543,33,,,0,55,,7531,33,,,0,15,,7534,33,,,0,15,,7553,33,,,0,15,,7551,33,,,0,55,,7544,33,,,0,15,,7550,33,,,0,15,,7535,33,,,0,15,,7554,33,,,0,55,,7542,33,,,0,15,,7545,33,,,0,15,,7560,33,,,0,15,,7536,33,,,0,55,,7555,33,,,0,15,,7549,33,,,0,15,,7546,33,,,0,15,,7540,33,,,0,55,,7537,33,,,0,15,,7556,33,,,0,15,,7533,33,,,0,15,,7547,33,,,0,55,,7559,33,,,0,15,,7538,33,,,0,15,,7557,33,,,0,15,,7552,33,,,0,55,,7548,33,,,0,15,,7532,33,,,0,15,,7539,33,,,0,15,,7558,33,,,0,55,,7541,33,,,0,15,,7530,33,,,0,30,,7561,33,,,0,67,,7567,33,,,0,30,,7562,33,,,0,70,,7568,33,,,0,30,,7564,33,,,0,70,,7569,33,,,0,30,,7570,33,,,0
1000,'Weekday',512,,9605,33,,,0,30,,9614,33,,,0,66,,9600,33,,,0,27,,9631,33,,,0,15,,9628,33,,,0,55,,9632,33,,,0,10,,9624,33,,,0,18,,9633,33,,,0,15,,9609,33,,,0,56,,9634,33,,,0,15,,9615,33,,,0,17,,9635,33,,,0,15,,9595,33,,,0,55,,9636,33,,,0,14,,9621,33,,,0,15,,9637,33,,,0,15,,9630,33,,,0,55,,9638,33,,,0,15,,9627,33,,,0,15,,9639,33,,,0,15,,9616,33,,,0,55,,9640,33,,,0,15,,9612,33,,,0,15,,9641,33,,,0,15,,9604,33,,,0,55,,9642,33,,,0,18,,9613,33,,,0,12,,9643,33,,,0,15,,9599,33,,,0,55,,9644,33,,,0,15,,9617,33,,,0,15,,9645,33,,,0,15,,9629,33,,,0,55,,9646,33,,,0,17,,9603,33,,,0,15,,9647,33,,,0,15,,9626,33,,,0,57,,9648,33,,,0,15,,9623,33,,,0,15,,9649,33,,,0,15,,9618,33,,,0,56,,9650,33,,,0,11,,9622,33,,,0,16,,9651,33,,,0,14,,9611,33,,,0,58,,9652,33,,,0,15,,9606,33,,,0,15,,9653,33,,,0,15,,9608,33,,,0,55,,9654,33,,,0,12,,9619,33,,,0,15,,9655,33,,,0,12,,9607,33,,,0,55,,9656,33,,,0,15,,9602,33,,,0,30,,9625,33,,,0,70,,9610,33,,,0,30,,9620,33,,,0,70,,9596,33,,,0,30,,9598,33,,,0,69,,9601,33,,,0,30,,9597,33,,,0
2501,'Holiday21111111',757,,8697,22,,,0,70,,8686,22,,,0,30,,8698,22,,,0,70,,8687,22,,,0,30,,8699,22,,,0,70,,8688,22,,,0,30,,8700,22,,,0,70,,8689,22,,,0,30,,8701,22,,,0,70,,8690,22,,,0,30,,8702,22,,,0,70,,8691,22,,,0,30,,8703,22,,,0,70,,8692,22,,,0,30,,8704,22,,,0,70,,8693,22,,,0,30,,8705,22,,,0,70,,8694,22,,,0,30,,8706,22,,,0,70,,8695,22,,,0,30,,8707,22,,,0,70,,8696,22,,,0,30,,8708,22,,,0,70,,8709,22,,,0,30,,8710,22,,,0,70,,8711,22,,,0,30,,8712,22,,,0,70,,8713,22,,,0
2501,'Saturday',727,,8756,22,,,0,30,,8757,22,,,0,70,,8755,22,,,0,30,,8758,22,,,0,70,,8754,22,,,0,30,,8759,22,,,0,70,,8753,22,,,0,30,,8760,22,,,0,70,,8752,22,,,0,30,,8761,22,,,0,70,,8751,22,,,0,30,,8762,22,,,0,70,,8750,22,,,0,30,,8763,22,,,0,70,,8749,22,,,0,30,,8764,22,,,0,70,,8748,22,,,0,30,,8765,22,,,0,70,,8747,22,,,0,30,,8766,22,,,0,70,,8746,22,,,0,30,,8767,22,,,0,70,,8745,22,,,0,30,,8768,22,,,0,70,,8744,22,,,0,30,,8769,22,,,0,70,,8771,22,,,0,30,,8770,22,,,0,70,,8772,22,,,0,30,,8773,22,,,0
2501,'Sunday',757,,8785,22,,,0,70,,8774,22,,,0,30,,8786,22,,,0,70,,8775,22,,,0,30,,8787,22,,,0,70,,8776,22,,,0,30,,8788,22,,,0,70,,8777,22,,,0,30,,8789,22,,,0,70,,8778,22,,,0,30,,8790,22,,,0,70,,8779,22,,,0,30,,8791,22,,,0,70,,8780,22,,,0,30,,8792,22,,,0,70,,8781,22,,,0,30,,8793,22,,,0,70,,8782,22,,,0,30,,8794,22,,,0,70,,8783,22,,,0,30,,8795,22,,,0,70,,8784,22,,,0,30,,8796,22,,,0,70,,8797,22,,,0,30,,8798,22,,,0,70,,8799,22,,,0,30,,8800,22,,,0,70,,8801,22,,,0
2501,'Weekday',521,,9952,22,,,0,35,,9953,22,,,0,64,,9954,22,,,0,25,,9955,22,,,0,71,,9956,22,,,0,16,,9957,22,,,0,15,,9958,22,,,0,55,,9959,22,,,0,16,,9960,22,,,0,15,,9961,22,,,0,15,,9962,22,,,0,55,,9963,22,,,0,28,,9964,22,,,0,70,,9965,22,,,0,30,,9966,22,,,0,71,,9967,22,,,0,30,,9968,22,,,0,70,,9969,22,,,0,30,,9970,22,,,0,70,,9971,22,,,0,31,,9972,22,,,0,69,,9973,22,,,0,30,,9974,22,,,0,18,,9975,22,,,0,55,,9976,22,,,0,17,,9977,22,,,0,15,,9978,22,,,0,15,,9979,22,,,0,55,,9980,22,,,0,16,,9981,22,,,0,15,,9982,22,,,0,15,,9983,22,,,0,55,,9984,22,,,0,15,,9985,22,,,0,15,,9986,22,,,0,13,,9987,22,,,0,55,,9988,22,,,0,28,,9989,22,,,0,70,,9990,22,,,0,28,,9991,22,,,0,70,,9992,22,,,0,30,,9993,22,,,0,70,,9994,22,,,0,30,,9995,22,,,0,69,,9996,22,,,0,30,,9997,22,,,0,69,,9998,22,,,0,30,,9999,22,,,0
5000,'Saturday',2314,,8854,32,,,0,100,,8853,32,,,0,100,,8855,32,0,8 4 9 10,0
5000,'Weekday',2324,,10005,32,,,0,90,,10004,32,,,0,100,,10006,32,0,8 4 9 10,0
