401,'Holiday21111111',1038,,7158,3,,,0,100,,7154,3,,,0,100,,7151,3,,,0,100,,7155,3,,,0,100,,7152,3,,,0,100,,7156,3,,,0,100,,7153,3,,,0,100,,7157,3,,,0
401,'Saturday',938,,7170,3,,,0,100,,7175,3,,,0,100,,7171,3,,,0,100,,7176,3,,,0,100,,7172,3,,,0,100,,7177,3,,,0,100,,7173,3,,,0,100,,7178,3,,,0,100,,7174,3,,,0,100,,7179,3,,,0,100,,7180,3,,,0
401,'Sunday',1038,,7188,3,,,0,100,,7184,3,,,0,100,,7181,3,,,0,100,,7185,3,,,0,100,,7182,3,,,0,100,,7186,3,,,0,100,,7183,3,,,0,100,,7187,3,,,0
401,'Weekday',538,,9507,3,,,0,100,,9508,3,,,0,73,,9509,3,,,0,27,,9510,3,,,0,70,,9511,3,,,0,30,,9512,3,,,0,70,,9513,3,,,0,30,,9514,3,,,0,70,,9515,3,,,0,30,,9516,3,,,0,70,,9517,3,,,0,30,,9518,3,,,0,70,,9519,3,,,0,30,,9520,3,,,0,70,,9521,3,,,0,30,,9522,3,,,0,70,,9523,3,,,0,30,,9524,3,,,0,70,,9525,3,,,0,34,,9526,3,,,0,70,,9527,3,,,0,26,,9528,3,,,0,70,,9529,3,,,0,30,,9530,3,,,0,102,,9531,3,,,0,100,,9532,3,,,0
1001,'Holiday21111111',750,,7659,3,,,0,70,,7676,3,,,0,30,,7677,3,,,0,70,,7675,3,,,0,30,,7657,3,,,0,70,,7662,3,,,0,15,,7661,3,,,0,15,,7663,3,,,0,55,,7664,3,,,0,15,,7665,3,,,0,15,,7666,3,,,0,15,,7667,3,,,0,55,,7668,3,,,0,15,,7669,3,,,0,15,,7670,3,,,0,15,,7671,3,,,0,55,,7672,3,,,0,15,,7673,3,,,0,15,,7674,3,,,0,15,,7660,3,,,0,55,,7658,3,,,0,15,,7652,3,,,0,15,,7635,3,,,0,15,,7645,3,,,0,55,,7647,3,,,0,15,,7650,3,,,0,15,,7640,3,,,0,15,,7654,3,,,0,55,,7644,3,,,0,15,,7648,3,,,0,15,,7636,3,,,0,15,,7641,3,,,0,55,,7655,3,,,0,15,,7643,3,,,0,10,,7649,3,,,0,19,,7642,3,,,0,71,,7638,3,,,0,30,,7653,3,,,0,70,,7637,3,,,0,30,,7646,3,,,0,70,,7656,3,,,0,30,,7639,3,,,0,70,,7651,3,,,0
1001,'Saturday',720,,7770,3,,,0,30,,7771,3,,,0,70,,7772,3,,,0,30,,7773,3,,,0,70,,7774,3,,,0,15,,7776,3,,,0,15,,7775,3,,,0,55,,7777,3,,,0,15,,7761,3,,,0,15,,7769,3,,,0,15,,7746,3,,,0,55,,7753,3,,,0,15,,7734,3,,,0,15,,7762,3,,,0,15,,7743,3,,,0,55,,7747,3,,,0,15,,7754,3,,,0,15,,7735,3,,,0,15,,7763,3,,,0,55,,7758,3,,,0,15,,7748,3,,,0,15,,7755,3,,,0,15,,7736,3,,,0,55,,7764,3,,,0,15,,7757,3,,,0,15,,7749,3,,,0,15,,7742,3,,,0,55,,7737,3,,,0,15,,7765,3,,,0,15,,7744,3,,,0,15,,7750,3,,,0,55,,7741,3,,,0,15,,7738,3,,,0,15,,7766,3,,,0,15,,7759,3,,,0,55,,7751,3,,,0,15,,7756,3,,,0,15,,7739,3,,,0,15,,7767,3,,,0,55,,7760,3,,,0,15,,7752,3,,,0,15,,7745,3,,,0,15,,7740,3,,,0,70,,7768,3,,,0,30,,7728,3,,,0,70,,7732,3,,,0,30,,7730,3,,,0,70,,7729,3,,,0,30,,7733,3,,,0,70,,7731,3,,,0
1001,'Sunday',750,,7802,3,,,0,70,,7819,3,,,0,30,,7820,3,,,0,70,,7818,3,,,0,30,,7800,3,,,0,70,,7805,3,,,0,15,,7804,3,,,0,15,,7806,3,,,0,55,,7807,3,,,0,15,,7808,3,,,0,15,,7809,3,,,0,15,,7810,3,,,0,55,,7811,3,,,0,15,,7812,3,,,0,15,,7813,3,,,0,15,,7814,3,,,0,55,,7815,3,,,0,15,,7816,3,,,0,15,,7817,3,,,0,15,,7803,3,,,0,55,,7801,3,,,0,15,,7795,3,,,0,15,,7778,3,,,0,15,,7788,3,,,0,55,,7790,3,,,0,15,,7793,3,,,0,15,,7783,3,,,0,15,,7797,3,,,0,55,,7787,3,,,0,15,,7791,3,,,0,15,,7779,3,,,0,15,,7784,3,,,0,55,,7798,3,,,0,15,,7786,3,,,0,10,,7792,3,,,0,19,,7785,3,,,0,71,,7781,3,,,0,30,,7796,3,,,0,70,,7780,3,,,0,30,,7789,3,,,0,70,,7799,3,,,0,30,,7782,3,,,0,70,,7794,3,,,0
1001,'Weekday',517,,9657,3,,,0,28,,9658,3,,,0,70,,9659,3,,,0,15,,9692,3,,,0,15,,9660,3,,,0,55,,9693,3,,,0,15,,9661,3,,,0,15,,9694,3,,,0,15,,9662,3,,,0,60,,9695,3,,,0,15,,9663,3,,,0,15,,9696,3,,,0,15,,9664,3,,,0,55,,9697,3,,,0,15,,9665,3,,,0,15,,9698,3,,,0,15,,9666,3,,,0,55,,9699,3,,,0,15,,9667,3,,,0,15,,9700,3,,,0,15,,9668,3,,,0,55,,9701,3,,,0,15,,9669,3,,,0,15,,9702,3,,,0,15,,9670,3,,,0,55,,9703,3,,,0,15,,9671,3,,,0,15,,9704,3,,,0,15,,9672,3,,,0,55,,9705,3,,,0,15,,9673,3,,,0,15,,9706,3,,,0,15,,9674,3,,,0,55,,9707,3,,,0,15,,9675,3,,,0,15,,9708,3,,,0,15,,9676,3,,,0,55,,9709,3,,,0,12,,9677,3,,,0,15,,9710,3,,,0,15,,9678,3,,,0,55,,9711,3,,,0,15,,9679,3,,,0,15,,9712,3,,,0,12,,9680,3,,,0,15,,9713,3,,,0,55,,9681,3,,,0,18,,9714,3,,,0,15,,9682,3,,,0,55,,9715,3,,,0,18,,9683,3,,,0,15,,9716,3,,,0,15,,9684,3,,,0,70,,9685,3,,,0,30,,9686,3,,,0,70,,9687,3,,,0,30,,9688,3,,,0,70,,9689,3,,,0,30,,9690,3,,,0,70,,9691,3,,,0
2500,'Holiday21111111',746,,8522,3,,,0,70,,8534,3,,,0,30,,8523,3,,,0,70,,8535,3,,,0,35,,8524,3,,,0,70,,8536,3,,,0,30,,8525,3,,,0,70,,8537,3,,,0,30,,8526,3,,,0,70,,8538,3,,,0,30,,8527,3,,,0,70,,8539,3,,,0,30,,8528,3,,,0,70,,8540,3,,,0,30,,8529,3,,,0,70,,8541,3,,,0,30,,8530,3,,,0,70,,8542,3,,,0,30,,8531,3,,,0,70,,8543,3,,,0,30,,8532,3,,,0,70,,8544,3,,,0,30,,8533,3,,,0,70,,8545,3,,,0,30,,8546,3,,,0,70,,8547,3,,,0,30,,8548,3,,,0,70,,8549,3,,,0
2500,'Saturday',716,,8593,3,,,0,30,,8592,3,,,0,70,,8594,3,,,0,30,,8591,3,,,0,70,,8595,3,,,0,30,,8590,3,,,0,70,,8596,3,,,0,30,,8589,3,,,0,70,,8597,3,,,0,30,,8588,3,,,0,70,,8598,3,,,0,30,,8587,3,,,0,70,,8599,3,,,0,30,,8586,3,,,0,70,,8600,3,,,0,30,,8585,3,,,0,70,,8601,3,,,0,30,,8584,3,,,0,70,,8602,3,,,0,30,,8583,3,,,0,70,,8603,3,,,0,30,,8582,3,,,0,72,,8604,3,,,0,30,,8581,3,,,0,70,,8605,3,,,0,30,,8580,3,,,0,70,,8606,3,,,0,30,,8608,3,,,0,70,,8607,3,,,0,30,,8609,3,,,0
2500,'Sunday',746,,8610,3,,,0,70,,8622,3,,,0,30,,8611,3,,,0,70,,8623,3,,,0,30,,8612,3,,,0,70,,8624,3,,,0,30,,8613,3,,,0,70,,8625,3,,,0,30,,8614,3,,,0,70,,8626,3,,,0,30,,8615,3,,,0,70,,8627,3,,,0,30,,8616,3,,,0,70,,8628,3,,,0,30,,8617,3,,,0,70,,8629,3,,,0,30,,8618,3,,,0,70,,8630,3,,,0,30,,8619,3,,,0,70,,8631,3,,,0,30,,8620,3,,,0,72,,8632,3,,,0,30,,8621,3,,,0,70,,8633,3,,,0,30,,8634,3,,,0,70,,8635,3,,,0,30,,8636,3,,,0,70,,8637,3,,,0
2500,'Weekday',510,,9904,3,,,0,28,,9905,3,,,0,66,,9906,3,,,0,28,,9907,3,,,0,68,,9908,3,,,0,15,,9909,3,,,0,15,,9910,3,,,0,15,,9911,3,,,0,55,,9912,3,,,0,20,,9913,3,,,0,15,,9914,3,,,0,17,,9915,3,,,0,70,,9916,3,,,0,30,,9917,3,,,0,70,,9918,3,,,0,30,,9919,3,,,0,70,,9920,3,,,0,30,,9921,3,,,0,70,,9922,3,,,0,30,,9923,3,,,0,70,,9924,3,,,0,30,,9925,3,,,0,70,,9926,3,,,0,15,,9927,3,,,0,15,,9928,3,,,0,55,,9929,3,,,0,15,,9930,3,,,0,15,,9931,3,,,0,15,,9932,3,,,0,55,,9933,3,,,0,15,,9934,3,,,0,15,,9935,3,,,0,15,,9936,3,,,0,55,,9937,3,,,0,15,,9938,3,,,0,15,,9939,3,,,0,15,,9940,3,,,0,70,,9941,3,,,0,30,,9942,3,,,0,70,,9943,3,,,0,30,,9944,3,,,0,70,,9945,3,,,0,30,,9946,3,,,0,70,,9947,3,,,0,30,,9948,3,,,0,70,,9949,3,,,0,30,,9950,3,,,0,70,,9951,3,,,0
