200,'Holiday21111111',810,,6300,37,,,0,100,,6301,37,,,0,32,,6324,37,,,0,70,,6302,37,,,0,30,,6313,37,,,0,70,,6303,37,,,0,30,,6314,37,,,0,70,,6304,37,,,0,30,,6315,37,,,0,70,,6305,37,,,0,30,,6316,37,,,0,70,,6306,37,,,0,30,,6317,37,,,0,70,,6307,37,,,0,30,,6318,37,,,0,70,,6308,37,,,0,30,,6319,37,,,0,70,,6309,37,,,0,30,,6320,37,,,0,70,,6310,37,,,0,28,,6321,37,,,0,70,,6311,37,,,0,33,,6322,37,,,0,70,,6312,37,,,0,30,,6323,37,,,0,70,,6325,37,,,0,30,,6326,37,,,0
200,'Saturday',640,,6364,37,,,0,100,,6365,37,,,0,100,,6366,37,,,0,102,,6367,37,,,0,70,,6380,37,,,0,20,,6368,37,,,0,20,,6394,37,,,0,60,,6381,37,,,0,20,,6369,37,,,0,20,,6395,37,,,0,60,,6382,37,,,0,20,,6370,37,,,0,20,,6396,37,,,0,65,,6383,37,,,0,20,,6371,37,,,0,20,,6397,37,,,0,60,,6384,37,,,0,20,,6372,37,,,0,20,,6398,37,,,0,60,,6385,37,,,0,25,,6373,37,,,0,60,,6399,37,,,0,20,,6386,37,,,0,20,,6374,37,,,0,60,,6400,37,,,0,20,,6387,37,,,0,20,,6375,37,,,0,70,,6388,37,,,0,30,,6376,37,,,0,70,,6389,37,,,0,28,,6377,37,,,0,70,,6390,37,,,0,30,,6378,37,,,0,70,,6391,37,,,0,30,,6379,37,,,0,70,,6392,37,,,0
200,'Sunday',810,,6401,37,,,0,100,,6402,37,,,0,102,,6403,37,,,0,20,,6414,37,,,0,20,,6427,37,,,0,60,,6404,37,,,0,20,,6415,37,,,0,20,,6428,37,,,0,60,,6405,37,,,0,20,,6416,37,,,0,20,,6429,37,,,0,65,,6406,37,,,0,20,,6417,37,,,0,20,,6430,37,,,0,60,,6407,37,,,0,20,,6418,37,,,0,20,,6431,37,,,0,60,,6408,37,,,0,25,,6419,37,,,0,60,,6432,37,,,0,20,,6409,37,,,0,20,,6420,37,,,0,60,,6433,37,,,0,20,,6410,37,,,0,20,,6421,37,,,0,70,,6411,37,,,0,30,,6422,37,,,0,70,,6412,37,,,0,28,,6423,37,,,0,70,,6413,37,,,0,30,,6424,37,,,0,70,,6425,37,,,0,30,,6426,37,,,0
200,'Weekday',505,,9233,37,,,0,26,,9235,37,,,0,70,,9237,37,,,0,33,,9266,37,,,0,15,,9239,37,,,0,55,,9240,37,,,0,15,,9267,37,,,0,15,,9241,37,,,0,15,,9242,37,,,0,55,,9243,37,,,0,15,,9244,37,,,0,15,,9245,37,,,0,15,,9268,37,,,0,55,,9246,37,,,0,17,,9269,37,,,0,15,,9247,37,,,0,15,,9248,37,,,0,55,,9270,37,,,0,17,,9271,37,,,0,15,,9272,37,,,0,15,,9249,37,,,0,55,,9273,37,,,0,15,,9274,37,,,0,17,,9250,37,,,0,15,,9275,37,,,0,55,,9251,37,,,0,15,,9252,37,,,0,15,,9276,37,,,0,15,,9277,37,,,0,55,,9253,37,,,0,15,,9254,37,,,0,15,,9278,37,,,0,15,,9279,37,,,0,55,,9255,37,,,0,15,,9280,37,,,0,15,,9281,37,,,0,15,,9256,37,,,0,55,,9282,37,,,0,15,,9283,37,,,0,15,,9284,37,,,0,15,,9257,37,,,0,55,,9258,37,,,0,15,,9259,37,,,0,15,,9285,37,,,0,15,,9286,37,,,0,55,,9287,37,,,0,16,,9288,37,,,0,15,,9260,37,,,0,15,,9289,37,,,0,53,,9261,37,,,0,15,,9290,37,,,0,13,,9262,37,,,0,15,,9291,37,,,0,59,,9292,37,,,0,30,,9293,37,,,0,70,,9265,37,,,0,30,,9263,37,,,0,70,,9234,37,,,0,30,,9264,37,,,0,70,,9236,37,,,0,30,,9238,37,,,0
300,'Holiday21111111',824,,6696,35,,,0,100,,6697,35,,,0,30,,6709,35,,,0,72,,6698,35,,,0,30,,6710,35,,,0,70,,6699,35,,,0,30,,6711,35,,,0,70,,6700,35,,,0,30,,6712,35,,,0,70,,6701,35,,,0,30,,6713,35,,,0,70,,6702,35,,,0,30,,6714,35,,,0,70,,6703,35,,,0,30,,6715,35,,,0,70,,6704,35,,,0,30,,6716,35,,,0,70,,6705,35,,,0,30,,6717,35,,,0,68,,6706,35,,,0,32,,6718,35,,,0,71,,6707,35,,,0,29,,6719,35,,,0,73,,6708,35,,,0,30,,6720,35,,,0,69,,6721,35,,,0
300,'Saturday',724,,6757,35,,,0,100,,6758,35,,,0,100,,6759,35,,,0,30,,6773,35,,,0,72,,6760,35,,,0,30,,6774,35,,,0,60,,6761,35,,,0,20,,6786,35,,,0,20,,6775,35,,,0,60,,6762,35,,,0,20,,6787,35,,,0,65,,6776,35,,,0,20,,6763,35,,,0,20,,6788,35,,,0,60,,6777,35,,,0,20,,6764,35,,,0,20,,6789,35,,,0,60,,6778,35,,,0,20,,6765,35,,,0,25,,6790,35,,,0,60,,6779,35,,,0,20,,6766,35,,,0,20,,6791,35,,,0,60,,6780,35,,,0,20,,6767,35,,,0,30,,6781,35,,,0,68,,6768,35,,,0,30,,6782,35,,,0,70,,6769,35,,,0,30,,6783,35,,,0,70,,6770,35,,,0,30,,6784,35,,,0,69,,6771,35,,,0,30,,6785,35,,,0,70,,6772,35,,,0
300,'Sunday',824,,6792,35,,,0,100,,6793,35,,,0,30,,6805,35,,,0,72,,6794,35,,,0,30,,6806,35,,,0,60,,6795,35,,,0,20,,6818,35,,,0,20,,6807,35,,,0,60,,6796,35,,,0,20,,6819,35,,,0,65,,6808,35,,,0,20,,6797,35,,,0,20,,6820,35,,,0,60,,6809,35,,,0,20,,6798,35,,,0,20,,6823,35,,,0,60,,6810,35,,,0,20,,6799,35,,,0,25,,6821,35,,,0,60,,6811,35,,,0,20,,6800,35,,,0,20,,6822,35,,,0,60,,6812,35,,,0,20,,6801,35,,,0,30,,6813,35,,,0,68,,6802,35,,,0,30,,6814,35,,,0,70,,6803,35,,,0,30,,6815,35,,,0,70,,6804,35,,,0,30,,6816,35,,,0,69,,6817,35,,,0
300,'Weekday',548,,9356,35,,,0,68,,9398,35,,,0,15,,9399,35,,,0,15,,9358,35,,,0,55,,9359,35,,,0,15,,9360,35,,,0,17,,9400,35,,,0,15,,9401,35,,,0,55,,9361,35,,,0,15,,9362,35,,,0,17,,9363,35,,,0,15,,9364,35,,,0,55,,9365,35,,,0,15,,9402,35,,,0,15,,9366,35,,,0,15,,9403,35,,,0,55,,9367,35,,,0,20,,9368,35,,,0,19,,9369,35,,,0,56,,9370,35,,,0,15,,9404,35,,,0,15,,9371,35,,,0,15,,9372,35,,,0,55,,9373,35,,,0,15,,9405,35,,,0,15,,9374,35,,,0,15,,9406,35,,,0,55,,9375,35,,,0,15,,9376,35,,,0,15,,9407,35,,,0,15,,9408,35,,,0,55,,9409,35,,,0,15,,9410,35,,,0,15,,9411,35,,,0,15,,9377,35,,,0,55,,9378,35,,,0,15,,9379,35,,,0,15,,9380,35,,,0,15,,9381,35,,,0,55,,9412,35,,,0,15,,9382,35,,,0,15,,9413,35,,,0,15,,9414,35,,,0,55,,9383,35,,,0,15,,9384,35,,,0,15,,9385,35,,,0,15,,9415,35,,,0,12,,9416,35,,,0,55,,9393,35,,,0,15,,9392,35,,,0,15,,9386,35,,,0,15,,9396,35,,,0,55,,9391,35,,,0,17,,9387,35,,,0,30,,9388,35,,,0,70,,9397,35,,,0,30,,9390,35,,,0,70,,9395,35,,,0,30,,9394,35,,,0,68,,9389,35,,,0,30,,9357,35,,,0
5200,'Saturday',2313,,8887,25,,,0,98,,8888,25,,,0,100,,8886,25,,,0
5200,'Weekday',2323,,10017,25,,,0,88,,10016,25,,,0,100,,10015,25,,,0
