200,'Holiday21111111',815,,6300,40,4,,0,100,,6301,40,4,,0,32,,6324,40,4,,0,70,,6302,40,4,,0,30,,6313,40,4,,0,70,,6303,40,4,,0,30,,6314,40,4,,0,70,,6304,40,4,,0,30,,6315,40,4,,0,70,,6305,40,4,,0,30,,6316,40,4,,0,70,,6306,40,4,,0,30,,6317,40,4,,0,70,,6307,40,4,,0,30,,6318,40,4,,0,70,,6308,40,4,,0,30,,6319,40,4,,0,70,,6309,40,4,,0,30,,6320,40,4,,0,70,,6310,40,4,,0,28,,6321,40,4,,0,70,,6311,40,4,,0,33,,6322,40,4,,0,70,,6312,40,4,,0,30,,6323,40,4,,0,70,,6325,40,4,,0,30,,6326,40,4,,0
200,'Saturday',645,,6364,40,4,,0,100,,6365,40,4,,0,100,,6366,40,4,,0,102,,6367,40,4,,0,70,,6380,40,4,,0,20,,6368,40,4,,0,20,,6394,40,4,,0,60,,6381,40,4,,0,20,,6369,40,4,,0,20,,6395,40,4,,0,60,,6382,40,4,,0,20,,6370,40,4,,0,20,,6396,40,4,,0,65,,6383,40,4,,0,20,,6371,40,4,,0,60,,6397,40,4,,0,20,,6384,40,4,,0,20,,6372,40,4,,0,60,,6398,40,4,,0,20,,6385,40,4,,0,25,,6373,40,4,,0,60,,6399,40,4,,0,20,,6386,40,4,,0,20,,6374,40,4,,0,60,,6400,40,4,,0,20,,6387,40,4,,0,20,,6375,40,4,,0,70,,6388,40,4,,0,30,,6376,40,4,,0,70,,6389,40,4,,0,28,,6377,40,4,,0,70,,6390,40,4,,0,30,,6378,40,4,,0,70,,6391,40,4,,0,30,,6379,40,4,,0,70,,6392,40,4,,0
200,'Sunday',815,,6401,40,4,,0,100,,6402,40,4,,0,102,,6403,40,4,,0,20,,6414,40,4,,0,20,,6427,40,4,,0,60,,6404,40,4,,0,20,,6415,40,4,,0,20,,6428,40,4,,0,60,,6405,40,4,,0,20,,6416,40,4,,0,20,,6429,40,4,,0,65,,6406,40,4,,0,20,,6417,40,4,,0,60,,6430,40,4,,0,20,,6407,40,4,,0,20,,6418,40,4,,0,60,,6431,40,4,,0,20,,6408,40,4,,0,25,,6419,40,4,,0,60,,6432,40,4,,0,20,,6409,40,4,,0,20,,6420,40,4,,0,60,,6433,40,4,,0,20,,6410,40,4,,0,20,,6421,40,4,,0,70,,6411,40,4,,0,30,,6422,40,4,,0,70,,6412,40,4,,0,28,,6423,40,4,,0,70,,6413,40,4,,0,30,,6424,40,4,,0,70,,6425,40,4,,0,30,,6426,40,4,,0
200,'Weekday',510,,9233,40,4,,0,26,,9235,40,4,,0,70,,9237,40,4,,0,34,,9266,40,4,,0,15,,9239,40,4,,0,55,,9240,40,4,,0,15,,9267,40,4,,0,15,,9241,40,4,,0,15,,9242,40,4,,0,55,,9243,40,4,,0,15,,9244,40,4,,0,15,,9245,40,4,,0,15,,9268,40,4,,0,55,,9246,40,4,,0,17,,9269,40,4,,0,15,,9247,40,4,,0,15,,9248,40,4,,0,55,,9270,40,4,,0,17,,9271,40,4,,0,15,,9272,40,4,,0,15,,9249,40,4,,0,55,,9273,40,4,,0,15,,9274,40,4,,0,17,,9250,40,4,,0,55,,9275,40,4,,0,15,,9251,40,4,,0,15,,9252,40,4,,0,15,,9276,40,4,,0,55,,9277,40,4,,0,15,,9253,40,4,,0,15,,9254,40,4,,0,15,,9278,40,4,,0,55,,9279,40,4,,0,15,,9255,40,4,,0,15,,9280,40,4,,0,15,,9281,40,4,,0,55,,9256,40,4,,0,15,,9282,40,4,,0,15,,9283,40,4,,0,15,,9284,40,4,,0,55,,9257,40,4,,0,15,,9258,40,4,,0,15,,9259,40,4,,0,15,,9285,40,4,,0,55,,9286,40,4,,0,15,,9287,40,4,,0,16,,9288,40,4,,0,15,,9260,40,4,,0,55,,9289,40,4,,0,13,,9261,40,4,,0,15,,9290,40,4,,0,13,,9262,40,4,,0,15,,9291,40,4,,0,59,,9292,40,4,,0,30,,9293,40,4,,0,70,,9265,40,4,,0,30,,9263,40,4,,0,70,,9234,40,4,,0,30,,9264,40,4,,0,69,,9236,40,4,,0,30,,9238,40,4,,0
201,'Holiday21111111',732,,6496,1,,,0,100,,6497,1,,,0,70,,6520,1,,,0,30,,6498,1,,,0,70,,6509,1,,,0,30,,6499,1,,,0,70,,6510,1,,,0,30,,6500,1,,,0,70,,6511,1,,,0,30,,6501,1,,,0,70,,6512,1,,,0,30,,6502,1,,,0,70,,6513,1,,,0,30,,6503,1,,,0,70,,6514,1,,,0,30,,6504,1,,,0,70,,6515,1,,,0,30,,6505,1,,,0,70,,6516,1,,,0,30,,6506,1,,,0,72,,6517,1,,,0,30,,6507,1,,,0,70,,6518,1,,,0,33,,6508,1,,,0,70,,6519,1,,,0,30,,6522,1,,,0,70,,6523,1,,,0,30,,6521,1,,,0
201,'Saturday',632,,6562,1,,,0,100,,6563,1,,,0,100,,6564,1,,,0,70,,6592,1,,,0,30,,6565,1,,,0,70,,6579,1,,,0,20,,6566,1,,,0,20,,6593,1,,,0,60,,6580,1,,,0,20,,6567,1,,,0,20,,6594,1,,,0,65,,6581,1,,,0,20,,6568,1,,,0,20,,6595,1,,,0,60,,6582,1,,,0,20,,6569,1,,,0,20,,6596,1,,,0,60,,6583,1,,,0,20,,6570,1,,,0,25,,6597,1,,,0,60,,6584,1,,,0,20,,6571,1,,,0,20,,6598,1,,,0,60,,6585,1,,,0,20,,6572,1,,,0,20,,6599,1,,,0,60,,6586,1,,,0,20,,6573,1,,,0,70,,6587,1,,,0,30,,6574,1,,,0,70,,6588,1,,,0,30,,6575,1,,,0,70,,6589,1,,,0,30,,6576,1,,,0,70,,6590,1,,,0,30,,6577,1,,,0,70,,6591,1,,,0,30,,6578,1,,,0
201,'Sunday',732,,6600,1,,,0,100,,6601,1,,,0,70,,6624,1,,,0,30,,6602,1,,,0,70,,6613,1,,,0,20,,6603,1,,,0,20,,6633,1,,,0,60,,6614,1,,,0,20,,6604,1,,,0,20,,6634,1,,,0,65,,6615,1,,,0,20,,6605,1,,,0,20,,6632,1,,,0,60,,6616,1,,,0,20,,6606,1,,,0,20,,6630,1,,,0,60,,6617,1,,,0,20,,6607,1,,,0,25,,6628,1,,,0,60,,6618,1,,,0,20,,6608,1,,,0,20,,6629,1,,,0,60,,6619,1,,,0,20,,6609,1,,,0,20,,6631,1,,,0,60,,6620,1,,,0,20,,6610,1,,,0,70,,6621,1,,,0,30,,6611,1,,,0,70,,6622,1,,,0,30,,6612,1,,,0,70,,6623,1,,,0,30,,6625,1,,,0,70,,6626,1,,,0,30,,6627,1,,,0
201,'Weekday',501,,9319,1,,,0,27,,9320,1,,,0,30,,9321,1,,,0,55,,9322,1,,,0,15,,9296,1,,,0,15,,9323,1,,,0,15,,9324,1,,,0,55,,9297,1,,,0,15,,9325,1,,,0,15,,9298,1,,,0,15,,9299,1,,,0,55,,9326,1,,,0,15,,9327,1,,,0,15,,9328,1,,,0,15,,9300,1,,,0,55,,9329,1,,,0,15,,9301,1,,,0,20,,9330,1,,,0,55,,9331,1,,,0,15,,9332,1,,,0,15,,9333,1,,,0,15,,9302,1,,,0,55,,9334,1,,,0,15,,9335,1,,,0,15,,9303,1,,,0,15,,9336,1,,,0,55,,9337,1,,,0,15,,9304,1,,,0,15,,9338,1,,,0,15,,9305,1,,,0,55,,9339,1,,,0,15,,9306,1,,,0,15,,9307,1,,,0,15,,9340,1,,,0,55,,9341,1,,,0,15,,9308,1,,,0,15,,9342,1,,,0,15,,9343,1,,,0,55,,9344,1,,,0,15,,9345,1,,,0,15,,9309,1,,,0,15,,9346,1,,,0,55,,9310,1,,,0,15,,9347,1,,,0,15,,9311,1,,,0,15,,9348,1,,,0,55,,9349,1,,,0,15,,9350,1,,,0,15,,9351,1,,,0,15,,9352,1,,,0,55,,9312,1,,,0,17,,9353,1,,,0,16,,9313,1,,,0,70,,9315,1,,,0,30,,9317,1,,,0,70,,9354,1,,,0,30,,9316,1,,,0,70,,9314,1,,,0,30,,9318,1,,,0,70,,9355,1,,,0,30,,9295,1,,,0
300,'Holiday21111111',828,,6696,38,4,,0,100,,6697,38,4,,0,30,,6709,38,4,,0,73,,6698,38,4,,0,70,,6710,38,4,,0,30,,6699,38,4,,0,70,,6711,38,4,,0,30,,6700,38,4,,0,70,,6712,38,4,,0,30,,6701,38,4,,0,70,,6713,38,4,,0,30,,6702,38,4,,0,70,,6714,38,4,,0,30,,6703,38,4,,0,70,,6715,38,4,,0,30,,6704,38,4,,0,70,,6716,38,4,,0,30,,6705,38,4,,0,70,,6717,38,4,,0,27,,6706,38,4,,0,72,,6718,38,4,,0,31,,6707,38,4,,0,69,,6719,38,4,,0,33,,6708,38,4,,0,70,,6720,38,4,,0,29,,6721,38,4,,0
300,'Saturday',728,,6757,38,4,,0,100,,6758,38,4,,0,100,,6759,38,4,,0,30,,6773,38,4,,0,73,,6760,38,4,,0,70,,6774,38,4,,0,20,,6761,38,4,,0,20,,6786,38,4,,0,60,,6775,38,4,,0,20,,6762,38,4,,0,20,,6787,38,4,,0,65,,6776,38,4,,0,20,,6763,38,4,,0,20,,6788,38,4,,0,60,,6777,38,4,,0,20,,6764,38,4,,0,20,,6789,38,4,,0,60,,6778,38,4,,0,20,,6765,38,4,,0,25,,6790,38,4,,0,60,,6779,38,4,,0,20,,6766,38,4,,0,20,,6791,38,4,,0,60,,6780,38,4,,0,20,,6767,38,4,,0,70,,6781,38,4,,0,27,,6768,38,4,,0,30,,6782,38,4,,0,70,,6769,38,4,,0,30,,6783,38,4,,0,70,,6770,38,4,,0,30,,6784,38,4,,0,69,,6771,38,4,,0,30,,6785,38,4,,0,70,,6772,38,4,,0
300,'Sunday',828,,6792,38,4,,0,100,,6793,38,4,,0,30,,6805,38,4,,0,73,,6794,38,4,,0,70,,6806,38,4,,0,20,,6795,38,4,,0,20,,6818,38,4,,0,60,,6807,38,4,,0,20,,6796,38,4,,0,20,,6819,38,4,,0,65,,6808,38,4,,0,20,,6797,38,4,,0,20,,6820,38,4,,0,60,,6809,38,4,,0,20,,6798,38,4,,0,20,,6823,38,4,,0,60,,6810,38,4,,0,20,,6799,38,4,,0,25,,6821,38,4,,0,60,,6811,38,4,,0,20,,6800,38,4,,0,20,,6822,38,4,,0,60,,6812,38,4,,0,20,,6801,38,4,,0,70,,6813,38,4,,0,27,,6802,38,4,,0,30,,6814,38,4,,0,70,,6803,38,4,,0,30,,6815,38,4,,0,70,,6804,38,4,,0,30,,6816,38,4,,0,69,,6817,38,4,,0
300,'Weekday',554,,9356,38,4,,0,68,,9398,38,4,,0,15,,9399,38,4,,0,15,,9358,38,4,,0,55,,9359,38,4,,0,15,,9360,38,4,,0,17,,9400,38,4,,0,15,,9401,38,4,,0,55,,9361,38,4,,0,15,,9362,38,4,,0,17,,9363,38,4,,0,15,,9364,38,4,,0,55,,9365,38,4,,0,15,,9402,38,4,,0,15,,9366,38,4,,0,15,,9403,38,4,,0,55,,9367,38,4,,0,20,,9368,38,4,,0,19,,9369,38,4,,0,56,,9370,38,4,,0,15,,9404,38,4,,0,15,,9371,38,4,,0,15,,9372,38,4,,0,55,,9373,38,4,,0,15,,9405,38,4,,0,15,,9374,38,4,,0,15,,9406,38,4,,0,55,,9375,38,4,,0,15,,9376,38,4,,0,15,,9407,38,4,,0,15,,9408,38,4,,0,55,,9409,38,4,,0,15,,9410,38,4,,0,15,,9411,38,4,,0,15,,9377,38,4,,0,57,,9378,38,4,,0,15,,9379,38,4,,0,15,,9380,38,4,,0,15,,9381,38,4,,0,55,,9412,38,4,,0,15,,9382,38,4,,0,15,,9413,38,4,,0,15,,9414,38,4,,0,55,,9383,38,4,,0,15,,9384,38,4,,0,15,,9385,38,4,,0,15,,9415,38,4,,0,50,,9416,38,4,,0,15,,9393,38,4,,0,15,,9392,38,4,,0,15,,9386,38,4,,0,55,,9396,38,4,,0,15,,9391,38,4,,0,17,,9387,38,4,,0,70,,9388,38,4,,0,30,,9397,38,4,,0,70,,9390,38,4,,0,30,,9395,38,4,,0,70,,9394,38,4,,0,28,,9389,38,4,,0,70,,9357,38,4,,0
301,'Holiday21111111',719,,6885,1,,,0,100,,6886,1,,,0,30,,6909,1,,,0,70,,6887,1,,,0,30,,6898,1,,,0,70,,6888,1,,,0,30,,6899,1,,,0,70,,6889,1,,,0,30,,6900,1,,,0,70,,6890,1,,,0,30,,6901,1,,,0,70,,6891,1,,,0,30,,6902,1,,,0,70,,6892,1,,,0,30,,6903,1,,,0,70,,6893,1,,,0,30,,6904,1,,,0,70,,6894,1,,,0,30,,6905,1,,,0,70,,6895,1,,,0,30,,6906,1,,,0,70,,6896,1,,,0,30,,6907,1,,,0,73,,6897,1,,,0,30,,6908,1,,,0,70,,6910,1,,,0,30,,6911,1,,,0,70,,6912,1,,,0
301,'Saturday',549,,6966,1,,,0,100,,6950,1,,,0,100,,6951,1,,,0,100,,6952,1,,,0,70,,6980,1,,,0,30,,6967,1,,,0,70,,6953,1,,,0,20,,6968,1,,,0,20,,6982,1,,,0,60,,6954,1,,,0,20,,6969,1,,,0,20,,6983,1,,,0,65,,6955,1,,,0,20,,6970,1,,,0,60,,6984,1,,,0,20,,6956,1,,,0,20,,6971,1,,,0,60,,6985,1,,,0,20,,6957,1,,,0,25,,6972,1,,,0,60,,6986,1,,,0,20,,6958,1,,,0,20,,6973,1,,,0,60,,6981,1,,,0,20,,6959,1,,,0,20,,6974,1,,,0,70,,6960,1,,,0,30,,6975,1,,,0,70,,6961,1,,,0,30,,6976,1,,,0,70,,6962,1,,,0,30,,6977,1,,,0,70,,6963,1,,,0,30,,6978,1,,,0,70,,6964,1,,,0,30,,6979,1,,,0,70,,6965,1,,,0
301,'Sunday',719,,6987,1,,,0,100,,6988,1,,,0,100,,6989,1,,,0,20,,7000,1,,,0,20,,7014,1,,,0,60,,6990,1,,,0,20,,7001,1,,,0,20,,7015,1,,,0,60,,6991,1,,,0,20,,7002,1,,,0,20,,7016,1,,,0,65,,6992,1,,,0,20,,7003,1,,,0,60,,7017,1,,,0,20,,6993,1,,,0,20,,7004,1,,,0,60,,7018,1,,,0,20,,6994,1,,,0,25,,7005,1,,,0,60,,7019,1,,,0,20,,6995,1,,,0,20,,7006,1,,,0,60,,7020,1,,,0,20,,6996,1,,,0,20,,7007,1,,,0,70,,6997,1,,,0,30,,7008,1,,,0,70,,6998,1,,,0,30,,7009,1,,,0,70,,6999,1,,,0,30,,7010,1,,,0,70,,7011,1,,,0,30,,7012,1,,,0,70,,7013,1,,,0
301,'Weekday',446,,9469,1,,,0,66,,9449,1,,,0,30,,9418,1,,,0,70,,9420,1,,,0,15,,9467,1,,,0,15,,9478,1,,,0,15,,9448,1,,,0,55,,9421,1,,,0,15,,9466,1,,,0,15,,9475,1,,,0,15,,9422,1,,,0,55,,9472,1,,,0,15,,9470,1,,,0,15,,9423,1,,,0,15,,9473,1,,,0,55,,9477,1,,,0,15,,9471,1,,,0,16,,9424,1,,,0,15,,9425,1,,,0,55,,9447,1,,,0,15,,9446,1,,,0,11,,9426,1,,,0,15,,9476,1,,,0,55,,9463,1,,,0,15,,9427,1,,,0,15,,9428,1,,,0,15,,9458,1,,,0,55,,9429,1,,,0,15,,9462,1,,,0,15,,9430,1,,,0,15,,9431,1,,,0,55,,9456,1,,,0,15,,9432,1,,,0,15,,9433,1,,,0,15,,9455,1,,,0,55,,9434,1,,,0,15,,9435,1,,,0,15,,9436,1,,,0,15,,9474,1,,,0,55,,9460,1,,,0,15,,9468,1,,,0,15,,9457,1,,,0,15,,9437,1,,,0,55,,9453,1,,,0,15,,9438,1,,,0,15,,9439,1,,,0,15,,9452,1,,,0,55,,9440,1,,,0,15,,9461,1,,,0,15,,9441,1,,,0,15,,9451,1,,,0,63,,9442,1,,,0,15,,9465,1,,,0,15,,9443,1,,,0,55,,9444,1,,,0,17,,9445,1,,,0,30,,9464,1,,,0,70,,9479,1,,,0,30,,9454,1,,,0,70,,9450,1,,,0,30,,9459,1,,,0,70,,9419,1,,,0,30,,9417,1,,,0
600,'Holiday21111111',915,,7215,41,4,,0,106,,7216,41,4,,0,100,,7217,41,4,,0,100,,7218,41,4,,0,100,,7219,41,4,,0,100,,7220,41,4,,0,102,,7221,41,4,,0,100,,7222,41,4,,0,100,,7223,41,4,,0,100,,7224,41,4,,0,101,,7225,41,4,,0,103,,7226,41,4,,0
600,'Saturday',815,,7256,41,4,,0,100,,7255,41,4,,0,106,,7254,41,4,,0,100,,7253,41,4,,0,100,,7252,41,4,,0,100,,7251,41,4,,0,100,,7250,41,4,,0,100,,7249,41,4,,0,100,,7248,41,4,,0,100,,7247,41,4,,0,100,,7246,41,4,,0,100,,7245,41,4,,0,100,,7244,41,4,,0,100,,7243,41,4,,0,100,,7242,41,4,,0
600,'Sunday',915,,7257,41,4,,0,106,,7258,41,4,,0,100,,7259,41,4,,0,100,,7260,41,4,,0,100,,7261,41,4,,0,100,,7262,41,4,,0,102,,7263,41,4,,0,100,,7264,41,4,,0,100,,7265,41,4,,0,100,,7266,41,4,,0,100,,7267,41,4,,0,100,,7268,41,4,,0
600,'Weekday',621,,9533,41,4,,0,32,,9534,41,4,,0,70,,9535,41,4,,0,32,,9536,41,4,,0,70,,9537,41,4,,0,31,,9538,41,4,,0,70,,9539,41,4,,0,28,,9540,41,4,,0,70,,9541,41,4,,0,30,,9542,41,4,,0,70,,9543,41,4,,0,30,,9544,41,4,,0,70,,9545,41,4,,0,30,,9546,41,4,,0,70,,9547,41,4,,0,30,,9548,41,4,,0,70,,9549,41,4,,0,28,,9550,41,4,,0,73,,9551,41,4,,0,34,,9552,41,4,,0,79,,9562,41,4,,0,73,,9560,41,4,,0,26,,9559,41,4,,0,66,,9557,41,4,,0,27,,9563,41,4,,0,29,,9561,41,4,,0,69,,9558,41,4,,0,30,,9553,41,4,,0,69,,9554,41,4,,0,100,,9555,41,4,,0,100,,9556,41,4,,0
601,'Holiday21111111',816,,7300,1,,,0,100,,7301,1,,,0,113,,7302,1,,,0,100,,7303,1,,,0,100,,7304,1,,,0,100,,7305,1,,,0,104,,7306,1,,,0,100,,7307,1,,,0,100,,7308,1,,,0,100,,7309,1,,,0,100,,7310,1,,,0,100,,7311,1,,,0
601,'Saturday',716,,7341,1,,,0,100,,7340,1,,,0,100,,7339,1,,,0,110,,7338,1,,,0,100,,7337,1,,,0,100,,7336,1,,,0,100,,7335,1,,,0,100,,7334,1,,,0,100,,7333,1,,,0,100,,7332,1,,,0,100,,7331,1,,,0,100,,7330,1,,,0,100,,7329,1,,,0,100,,7328,1,,,0,100,,7327,1,,,0
601,'Sunday',816,,7342,1,,,0,100,,7343,1,,,0,113,,7344,1,,,0,100,,7345,1,,,0,100,,7346,1,,,0,100,,7347,1,,,0,104,,7348,1,,,0,100,,7349,1,,,0,100,,7350,1,,,0,100,,7351,1,,,0,100,,7352,1,,,0,100,,7353,1,,,0
601,'Weekday',525,,9564,1,,,0,100,,9565,1,,,0,30,,9566,1,,,0,70,,9567,1,,,0,75,,9568,1,,,0,30,,9569,1,,,0,70,,9570,1,,,0,30,,9571,1,,,0,25,,9572,1,,,0,70,,9573,1,,,0,30,,9574,1,,,0,70,,9575,1,,,0,30,,9576,1,,,0,70,,9577,1,,,0,30,,9578,1,,,0,70,,9579,1,,,0,30,,9580,1,,,0,70,,9581,1,,,0,31,,9582,1,,,0,70,,9583,1,,,0,80,,9592,1,,,0,36,,9587,1,,,0,72,,9594,1,,,0,26,,9590,1,,,0,64,,9589,1,,,0,28,,9586,1,,,0,70,,9591,1,,,0,28,,9588,1,,,0,100,,9584,1,,,0,100,,9585,1,,,0,100,,9593,1,,,0
1100,'Holiday21111111',811,,7907,31,4,,0,30,,7908,31,4,,0,70,,7891,31,4,,0,30,,7892,31,4,,0,70,,7890,31,4,,0,30,,7893,31,4,,0,70,,7889,31,4,,0,30,,7894,31,4,,0,70,,7888,31,4,,0,30,,7895,31,4,,0,70,,7887,31,4,,0,30,,7896,31,4,,0,70,,7886,31,4,,0,30,,7897,31,4,,0,70,,7885,31,4,,0,30,,7898,31,4,,0,70,,7884,31,4,,0,30,,7899,31,4,,0,70,,7883,31,4,,0,30,,7900,31,4,,0,70,,7882,31,4,,0,30,,7901,31,4,,0,70,,7881,31,4,,0,30,,7902,31,4,,0,70,,7903,31,4,,0,30,,7904,31,4,,0,70,,7905,31,4,,0,30,,7906,31,4,,0
1100,'Saturday',811,,7938,31,4,,0,30,,7953,31,4,,0,70,,7939,31,4,,0,30,,7954,31,4,,0,70,,7940,31,4,,0,30,,7955,31,4,,0,70,,7941,31,4,,0,30,,7956,31,4,,0,70,,7942,31,4,,0,30,,7957,31,4,,0,70,,7943,31,4,,0,30,,7958,31,4,,0,70,,7944,31,4,,0,30,,7959,31,4,,0,70,,7945,31,4,,0,30,,7960,31,4,,0,70,,7946,31,4,,0,30,,7961,31,4,,0,70,,7947,31,4,,0,30,,7962,31,4,,0,70,,7948,31,4,,0,30,,7963,31,4,,0,70,,7949,31,4,,0,30,,7964,31,4,,0,70,,7950,31,4,,0,30,,7965,31,4,,0,70,,7951,31,4,,0,30,,7966,31,4,,0,70,,7952,31,4,,0
1100,'Sunday',811,,7993,31,4,,0,30,,7994,31,4,,0,70,,7977,31,4,,0,30,,7978,31,4,,0,70,,7976,31,4,,0,30,,7979,31,4,,0,70,,7975,31,4,,0,30,,7980,31,4,,0,70,,7974,31,4,,0,30,,7981,31,4,,0,70,,7973,31,4,,0,30,,7982,31,4,,0,70,,7972,31,4,,0,30,,7983,31,4,,0,70,,7971,31,4,,0,30,,7984,31,4,,0,70,,7970,31,4,,0,30,,7985,31,4,,0,70,,7969,31,4,,0,30,,7986,31,4,,0,70,,7968,31,4,,0,30,,7987,31,4,,0,70,,7967,31,4,,0,30,,7988,31,4,,0,70,,7989,31,4,,0,30,,7990,31,4,,0,70,,7991,31,4,,0,30,,7992,31,4,,0
1100,'Weekday',542,,9717,31,4,,0,61,,9718,31,4,,0,23,,9719,31,4,,0,10,,9772,31,4,,0,15,,9720,31,4,,0,58,,9773,31,4,,0,15,,9721,31,4,,0,15,,9722,31,4,,0,15,,9723,31,4,,0,55,,9724,31,4,,0,20,,9725,31,4,,0,15,,9726,31,4,,0,15,,9727,31,4,,0,55,,9728,31,4,,0,14,,9761,31,4,,0,15,,9729,31,4,,0,15,,9762,31,4,,0,55,,9730,31,4,,0,15,,9763,31,4,,0,15,,9731,31,4,,0,15,,9764,31,4,,0,55,,9732,31,4,,0,15,,9765,31,4,,0,15,,9733,31,4,,0,15,,9766,31,4,,0,55,,9734,31,4,,0,15,,9767,31,4,,0,15,,9735,31,4,,0,15,,9768,31,4,,0,55,,9736,31,4,,0,15,,9769,31,4,,0,15,,9737,31,4,,0,15,,9770,31,4,,0,55,,9738,31,4,,0,19,,9771,31,4,,0,15,,9739,31,4,,0,55,,9740,31,4,,0,15,,9741,31,4,,0,20,,9742,31,4,,0,20,,9743,31,4,,0,60,,9744,31,4,,0,20,,9745,31,4,,0,20,,9746,31,4,,0,55,,9747,31,4,,0,20,,9748,31,4,,0,20,,9749,31,4,,0,65,,9750,31,4,,0,11,,9751,31,4,,0,20,,9752,31,4,,0,70,,9753,31,4,,0,27,,9754,31,4,,0,70,,9755,31,4,,0,28,,9756,31,4,,0,70,,9757,31,4,,0,30,,9758,31,4,,0,70,,9759,31,4,,0,30,,9760,31,4,,0
1101,'Holiday21111111',808,,8064,1,,,0,30,,8063,1,,,0,70,,8062,1,,,0,30,,8065,1,,,0,74,,8061,1,,,0,30,,8066,1,,,0,70,,8060,1,,,0,30,,8067,1,,,0,70,,8068,1,,,0,30,,8059,1,,,0,70,,8069,1,,,0,30,,8058,1,,,0,70,,8057,1,,,0,30,,8070,1,,,0,70,,8056,1,,,0,30,,8071,1,,,0,70,,8072,1,,,0,30,,8055,1,,,0,70,,8073,1,,,0,30,,8054,1,,,0,70,,8074,1,,,0,30,,8053,1,,,0,70,,8052,1,,,0,30,,8075,1,,,0,70,,8076,1,,,0,30,,8077,1,,,0,70,,8078,1,,,0
1101,'Saturday',708,,8123,1,,,0,30,,8124,1,,,0,70,,8109,1,,,0,30,,8125,1,,,0,70,,8110,1,,,0,30,,8126,1,,,0,70,,8111,1,,,0,30,,8127,1,,,0,70,,8112,1,,,0,30,,8128,1,,,0,70,,8113,1,,,0,30,,8129,1,,,0,70,,8114,1,,,0,30,,8130,1,,,0,70,,8115,1,,,0,30,,8131,1,,,0,70,,8116,1,,,0,30,,8132,1,,,0,70,,8117,1,,,0,30,,8133,1,,,0,70,,8118,1,,,0,30,,8134,1,,,0,70,,8119,1,,,0,30,,8135,1,,,0,70,,8120,1,,,0,32,,8136,1,,,0,70,,8121,1,,,0,30,,8137,1,,,0,70,,8122,1,,,0,30,,8138,1,,,0
1101,'Sunday',808,,8151,1,,,0,30,,8150,1,,,0,70,,8149,1,,,0,30,,8152,1,,,0,70,,8148,1,,,0,30,,8153,1,,,0,70,,8147,1,,,0,30,,8154,1,,,0,70,,8155,1,,,0,30,,8146,1,,,0,70,,8156,1,,,0,30,,8145,1,,,0,70,,8144,1,,,0,30,,8157,1,,,0,70,,8143,1,,,0,30,,8158,1,,,0,70,,8159,1,,,0,30,,8142,1,,,0,70,,8160,1,,,0,30,,8141,1,,,0,70,,8161,1,,,0,30,,8140,1,,,0,70,,8139,1,,,0,32,,8162,1,,,0,70,,8163,1,,,0,30,,8164,1,,,0,70,,8165,1,,,0
1101,'Weekday',504,,9774,1,,,0,28,,9775,1,,,0,26,,9776,1,,,0,53,,9828,1,,,0,15,,9777,1,,,0,15,,9829,1,,,0,15,,9778,1,,,0,54,,9779,1,,,0,15,,9780,1,,,0,15,,9781,1,,,0,15,,9782,1,,,0,55,,9783,1,,,0,15,,9784,1,,,0,20,,9785,1,,,0,12,,9819,1,,,0,58,,9786,1,,,0,15,,9820,1,,,0,15,,9787,1,,,0,55,,9821,1,,,0,15,,9788,1,,,0,15,,9822,1,,,0,15,,9789,1,,,0,55,,9823,1,,,0,15,,9790,1,,,0,15,,9824,1,,,0,15,,9791,1,,,0,55,,9825,1,,,0,15,,9792,1,,,0,15,,9826,1,,,0,15,,9793,1,,,0,55,,9827,1,,,0,15,,9794,1,,,0,15,,9817,1,,,0,15,,9795,1,,,0,55,,9818,1,,,0,15,,9796,1,,,0,20,,9797,1,,,0,18,,9798,1,,,0,55,,9799,1,,,0,20,,9800,1,,,0,15,,9801,1,,,0,60,,9802,1,,,0,20,,9803,1,,,0,20,,9804,1,,,0,60,,9805,1,,,0,20,,9806,1,,,0,20,,9807,1,,,0,72,,9808,1,,,0,30,,9809,1,,,0,70,,9810,1,,,0,30,,9811,1,,,0,70,,9812,1,,,0,30,,9813,1,,,0,70,,9814,1,,,0,30,,9815,1,,,0,70,,9816,1,,,0
2500,'Holiday21111111',805,,8522,31,4,,0,30,,8534,31,4,,0,70,,8523,31,4,,0,30,,8535,31,4,,0,75,,8524,31,4,,0,30,,8536,31,4,,0,70,,8525,31,4,,0,30,,8537,31,4,,0,70,,8526,31,4,,0,30,,8538,31,4,,0,70,,8527,31,4,,0,30,,8539,31,4,,0,70,,8528,31,4,,0,30,,8540,31,4,,0,70,,8529,31,4,,0,30,,8541,31,4,,0,70,,8530,31,4,,0,30,,8542,31,4,,0,70,,8531,31,4,,0,30,,8543,31,4,,0,70,,8532,31,4,,0,30,,8544,31,4,,0,70,,8533,31,4,,0,30,,8545,31,4,,0,70,,8546,31,4,,0,30,,8547,31,4,,0,70,,8548,31,4,,0,30,,8549,31,4,,0
2500,'Saturday',735,,8593,31,4,,0,70,,8592,31,4,,0,30,,8594,31,4,,0,70,,8591,31,4,,0,30,,8595,31,4,,0,70,,8590,31,4,,0,30,,8596,31,4,,0,70,,8589,31,4,,0,30,,8597,31,4,,0,70,,8588,31,4,,0,30,,8598,31,4,,0,70,,8587,31,4,,0,30,,8599,31,4,,0,70,,8586,31,4,,0,30,,8600,31,4,,0,70,,8585,31,4,,0,30,,8601,31,4,,0,70,,8584,31,4,,0,30,,8602,31,4,,0,70,,8583,31,4,,0,30,,8603,31,4,,0,70,,8582,31,4,,0,32,,8604,31,4,,0,70,,8581,31,4,,0,30,,8605,31,4,,0,70,,8580,31,4,,0,30,,8606,31,4,,0,70,,8608,31,4,,0,30,,8607,31,4,,0,70,,8609,31,4,,0
2500,'Sunday',805,,8610,31,4,,0,30,,8622,31,4,,0,70,,8611,31,4,,0,30,,8623,31,4,,0,70,,8612,31,4,,0,30,,8624,31,4,,0,70,,8613,31,4,,0,30,,8625,31,4,,0,70,,8614,31,4,,0,30,,8626,31,4,,0,70,,8615,31,4,,0,30,,8627,31,4,,0,70,,8616,31,4,,0,30,,8628,31,4,,0,70,,8617,31,4,,0,30,,8629,31,4,,0,70,,8618,31,4,,0,30,,8630,31,4,,0,70,,8619,31,4,,0,30,,8631,31,4,,0,70,,8620,31,4,,0,32,,8632,31,4,,0,70,,8621,31,4,,0,30,,8633,31,4,,0,70,,8634,31,4,,0,30,,8635,31,4,,0,70,,8636,31,4,,0,30,,8637,31,4,,0
2500,'Weekday',527,,9904,31,4,,0,28,,9905,31,4,,0,67,,9906,31,4,,0,28,,9907,31,4,,0,68,,9908,31,4,,0,15,,9909,31,4,,0,17,,9910,31,4,,0,56,,9911,31,4,,0,15,,9912,31,4,,0,21,,9913,31,4,,0,14,,9914,31,4,,0,57,,9915,31,4,,0,29,,9916,31,4,,0,70,,9917,31,4,,0,29,,9918,31,4,,0,70,,9919,31,4,,0,31,,9920,31,4,,0,70,,9921,31,4,,0,30,,9922,31,4,,0,69,,9923,31,4,,0,30,,9924,31,4,,0,70,,9925,31,4,,0,33,,9926,31,4,,0,15,,9927,31,4,,0,56,,9928,31,4,,0,16,,9929,31,4,,0,15,,9930,31,4,,0,55,,9931,31,4,,0,15,,9932,31,4,,0,15,,9933,31,4,,0,15,,9934,31,4,,0,55,,9935,31,4,,0,15,,9936,31,4,,0,16,,9937,31,4,,0,15,,9938,31,4,,0,12,,9939,31,4,,0,55,,9940,31,4,,0,30,,9941,31,4,,0,68,,9942,31,4,,0,29,,9943,31,4,,0,68,,9944,31,4,,0,30,,9945,31,4,,0,70,,9946,31,4,,0,30,,9947,31,4,,0,70,,9948,31,4,,0,30,,9949,31,4,,0,70,,9950,31,4,,0,30,,9951,31,4,,0
2501,'Holiday21111111',743,,8697,1,,,0,70,,8686,1,,,0,30,,8698,1,,,0,70,,8687,1,,,0,30,,8699,1,,,0,70,,8688,1,,,0,30,,8700,1,,,0,70,,8689,1,,,0,30,,8701,1,,,0,70,,8690,1,,,0,30,,8702,1,,,0,70,,8691,1,,,0,30,,8703,1,,,0,70,,8692,1,,,0,30,,8704,1,,,0,70,,8693,1,,,0,30,,8705,1,,,0,70,,8694,1,,,0,30,,8706,1,,,0,70,,8695,1,,,0,30,,8707,1,,,0,70,,8696,1,,,0,30,,8708,1,,,0,70,,8709,1,,,0,30,,8710,1,,,0,70,,8711,1,,,0,30,,8712,1,,,0,70,,8713,1,,,0
2501,'Saturday',713,,8756,1,,,0,30,,8757,1,,,0,70,,8755,1,,,0,30,,8758,1,,,0,70,,8754,1,,,0,30,,8759,1,,,0,70,,8753,1,,,0,30,,8760,1,,,0,70,,8752,1,,,0,30,,8761,1,,,0,70,,8751,1,,,0,30,,8762,1,,,0,70,,8750,1,,,0,30,,8763,1,,,0,70,,8749,1,,,0,30,,8764,1,,,0,70,,8748,1,,,0,30,,8765,1,,,0,70,,8747,1,,,0,30,,8766,1,,,0,70,,8746,1,,,0,30,,8767,1,,,0,70,,8745,1,,,0,30,,8768,1,,,0,70,,8744,1,,,0,30,,8769,1,,,0,70,,8771,1,,,0,30,,8770,1,,,0,70,,8772,1,,,0,30,,8773,1,,,0
2501,'Sunday',743,,8785,1,,,0,70,,8774,1,,,0,30,,8786,1,,,0,70,,8775,1,,,0,30,,8787,1,,,0,70,,8776,1,,,0,30,,8788,1,,,0,70,,8777,1,,,0,30,,8789,1,,,0,70,,8778,1,,,0,30,,8790,1,,,0,70,,8779,1,,,0,30,,8791,1,,,0,70,,8780,1,,,0,30,,8792,1,,,0,70,,8781,1,,,0,30,,8793,1,,,0,70,,8782,1,,,0,30,,8794,1,,,0,70,,8783,1,,,0,30,,8795,1,,,0,70,,8784,1,,,0,30,,8796,1,,,0,70,,8797,1,,,0,30,,8798,1,,,0,70,,8799,1,,,0,30,,8800,1,,,0,70,,8801,1,,,0
2501,'Weekday',508,,9952,1,,,0,35,,9953,1,,,0,63,,9954,1,,,0,25,,9955,1,,,0,70,,9956,1,,,0,16,,9957,1,,,0,15,,9958,1,,,0,15,,9959,1,,,0,55,,9960,1,,,0,15,,9961,1,,,0,15,,9962,1,,,0,15,,9963,1,,,0,70,,9964,1,,,0,30,,9965,1,,,0,70,,9966,1,,,0,30,,9967,1,,,0,70,,9968,1,,,0,30,,9969,1,,,0,70,,9970,1,,,0,30,,9971,1,,,0,70,,9972,1,,,0,30,,9973,1,,,0,70,,9974,1,,,0,17,,9975,1,,,0,15,,9976,1,,,0,55,,9977,1,,,0,15,,9978,1,,,0,15,,9979,1,,,0,15,,9980,1,,,0,55,,9981,1,,,0,15,,9982,1,,,0,15,,9983,1,,,0,15,,9984,1,,,0,55,,9985,1,,,0,15,,9986,1,,,0,15,,9987,1,,,0,15,,9988,1,,,0,70,,9989,1,,,0,30,,9990,1,,,0,70,,9991,1,,,0,30,,9992,1,,,0,70,,9993,1,,,0,30,,9994,1,,,0,70,,9995,1,,,0,30,,9996,1,,,0,70,,9997,1,,,0,30,,9998,1,,,0,70,,9999,1,,,0
5200,'Saturday',2318,,8887,28,,,0,98,,8888,28,,,0,100,,8886,28,,,0
5200,'Weekday',2328,,10017,28,,,0,88,,10016,28,,,0,100,,10015,28,,,0
